Start
         4          3          4 
         0          2          0 
         4         -1          1 
         0          1         -1 
         4         -1         -2 
        -1          4          5 
        -1         -2          4 
        -2          5         -1 
Slut
Q:
Start
  0.544331   0.464519   0.323648 
         0   0.258598 -0.0874105 
  0.544331 -0.0526774   0.101186 
         0   0.129299  -0.176133 
  0.544331 -0.0526774  -0.296097 
 -0.136083   0.498041   0.506054 
 -0.136083  -0.277754   0.635858 
 -0.272166   0.608185  -0.313481 
Slut
R er upper triangular
Start
   7.34847   -1.08866   0.680414 
         0      7.734    2.55246 
         0          0    7.55129 
Slut
QTQ = I:
Start
         1          0          0 
         0          1          0 
         0          0          1 
Slut
Q*R = A:
Start
         4          3          4 
         0          2          0 
         4         -1          1 
         0          1         -1 
         4         -1         -2 
        -1          4          5 
        -1         -2          4 
        -2          5         -1 
Slut
Start
         1          4          3          2         -2 
        -2          2         -1          5          1 
         0          2          5          0          2 
         5         -2          3         -2          5 
        -1          1          2          2          2 
Slut
[ 4 -1 3 4 4 ]
[ 0.634981 -7.37262 5.12167 4.81369 -3.93156 ]
[ 4 -1 3 4 4 ]
Determinanten:
Start
   5.56776   -1.97566     3.2329   -3.59211     3.4125 
         0    5.00967    4.46878    3.37412  -0.650355 
         0          0    4.19266   -1.06503    3.30912 
         0          0          0    3.40262    3.81376 
         0          0          0          0   0.660942 
Slut
263
