# z cos(z) linterp(z) linteg(z) qspline(z) qderiv(z) qinteg(z)
0.00000000 1.00000000 1.00000000 0.00000000 1.00000000 0.00000000 0.00000000
0.02000000 0.99980001 0.99950010 0.01999500 1.00000000 0.00000000 0.02000000
0.04000000 0.99920011 0.99900021 0.03998000 1.00000000 0.00000000 0.04000000
0.06000000 0.99820054 0.99800104 0.05995251 0.99875026 0.00000000 0.05998750
0.08000000 0.99680171 0.99650260 0.07989755 0.99875026 0.00000000 0.07996251
0.10000000 0.99500417 0.99500417 0.09981262 0.99875026 0.00000000 0.09993751
0.12000000 0.99280864 0.99251093 0.11968777 0.99500417 0.00000000 0.11983760
0.14000000 0.99021600 0.99001770 0.13951305 0.99500417 0.00000000 0.13973768
0.16000000 0.98722728 0.98703018 0.15928600 0.98877108 0.00000000 0.15957543
0.18000000 0.98384369 0.98354838 0.17899179 0.98877108 0.00000000 0.17935085
0.20000000 0.98006658 0.98006658 0.19862794 0.98877108 0.00000000 0.19912628
0.22000000 0.97589745 0.97560492 0.21818465 0.98006658 0.00000000 0.21872761
0.24000000 0.97133797 0.97114325 0.23765214 0.98006658 0.00000000 0.23832894
0.26000000 0.96638998 0.96619724 0.25702796 0.96891242 0.00000000 0.25781873
0.28000000 0.96105544 0.96076686 0.27629760 0.96891242 0.00000000 0.27719698
0.30000000 0.95533649 0.95533649 0.29545864 0.96891242 0.00000000 0.29657523
0.32000000 0.94923542 0.94895098 0.31450151 0.95533649 0.00000000 0.31568195
0.34000000 0.94275467 0.94256547 0.33341668 0.95533649 0.00000000 0.33478868
0.36000000 0.93589682 0.93571037 0.35220178 0.93937271 0.00000000 0.35373578
0.38000000 0.92866464 0.92838568 0.37084274 0.93937271 0.00000000 0.37252323
0.40000000 0.92106099 0.92106099 0.38933721 0.92106099 0.00000000 0.39131069
0.42000000 0.91308894 0.91281544 0.40767597 0.92106099 0.00000000 0.40973191
0.44000000 0.90475166 0.90456988 0.42584983 0.92106099 0.00000000 0.42815313
0.46000000 0.89605250 0.89587419 0.44385652 0.90044710 0.00000000 0.44636821
0.48000000 0.88699492 0.88672838 0.46168254 0.90044710 0.00000000 0.46437715
0.50000000 0.87758256 0.87758256 0.47932565 0.87758256 0.00000000 0.48238609
0.52000000 0.86781918 0.86755935 0.49677707 0.87758256 0.00000000 0.49993774
0.54000000 0.85770868 0.85753613 0.51402803 0.87758256 0.00000000 0.51748939
0.56000000 0.84725511 0.84708674 0.53107639 0.85252452 0.00000000 0.53479046
0.58000000 0.83646265 0.83621118 0.54790937 0.85252452 0.00000000 0.55184095
0.60000000 0.82533561 0.82533561 0.56452483 0.82533561 0.00000000 0.56889144
0.62000000 0.81387846 0.81363489 0.58091454 0.82533561 0.00000000 0.58539816
0.64000000 0.80209576 0.80193416 0.59707023 0.82533561 0.00000000 0.60190487
0.66000000 0.78999223 0.78983548 0.61298992 0.79608380 0.00000000 0.61811906
0.68000000 0.77757272 0.77733883 0.62866166 0.79608380 0.00000000 0.63404074
0.70000000 0.76484219 0.76484219 0.64408347 0.76484219 0.00000000 0.64996241
0.72000000 0.75180573 0.75158086 0.65924770 0.76484219 0.00000000 0.66525926
0.74000000 0.73846856 0.73831953 0.67414670 0.76484219 0.00000000 0.68055610
0.76000000 0.72483601 0.72469244 0.68877865 0.73168887 0.00000000 0.69552141
0.78000000 0.71091354 0.71069957 0.70313257 0.73168887 0.00000000 0.71015519
0.80000000 0.69670671 0.69670671 0.71720664 0.69670671 0.00000000 0.72478897
0.82000000 0.68222121 0.68201728 0.73099388 0.69670671 0.00000000 0.73872310
0.84000000 0.66746283 0.66732786 0.74448733 0.69670671 0.00000000 0.75265724
0.86000000 0.65243747 0.65230851 0.75768534 0.65998315 0.00000000 0.76622413
0.88000000 0.63715114 0.63695924 0.77057802 0.65998315 0.00000000 0.77942380
0.90000000 0.62160997 0.62160997 0.78316371 0.62160997 0.00000000 0.79262346
0.92000000 0.60582016 0.60563922 0.79543620 0.62160997 0.00000000 0.80505566
0.94000000 0.58978803 0.58966847 0.80738928 0.62160997 0.00000000 0.81748786
0.96000000 0.57351999 0.57340693 0.81902149 0.58168309 0.00000000 0.82952079
0.98000000 0.55702255 0.55685462 0.83032410 0.58168309 0.00000000 0.84115445
1.00000000 0.54030231 0.54030231 0.84129567 0.54030231 0.00000000 0.85278811
1.02000000 0.52336595 0.52320980 0.85193079 0.54030231 0.00000000 0.86359416
1.04000000 0.50622026 0.50611730 0.86222406 0.54030231 0.00000000 0.87440021
1.06000000 0.48887208 0.48877606 0.87217424 0.49757105 0.00000000 0.88477894
1.08000000 0.47132836 0.47118609 0.88177386 0.49757105 0.00000000 0.89473036
1.10000000 0.45359612 0.45359612 0.89102168 0.45359612 0.00000000 0.90468178
1.12000000 0.43568245 0.43555265 0.89991317 0.45359612 0.00000000 0.91375370
1.14000000 0.41759450 0.41750918 0.90844379 0.45359612 0.00000000 0.92282563
1.16000000 0.39933953 0.39926150 0.91661252 0.40848744 0.00000000 0.93144646
1.18000000 0.38092482 0.38080963 0.92441323 0.40848744 0.00000000 0.93961621
1.20000000 0.36235775 0.36235775 0.93184490 0.36235775 0.00000000 0.94778596
1.22000000 0.34364575 0.34354360 0.93890392 0.36235775 0.00000000 0.95503311
1.24000000 0.32479628 0.32472944 0.94558665 0.36235775 0.00000000 0.96228027
1.26000000 0.30581691 0.30575766 0.95189231 0.31532236 0.00000000 0.96905707
1.28000000 0.28671521 0.28662824 0.95781617 0.31532236 0.00000000 0.97536352
1.30000000 0.26749883 0.26749883 0.96335744 0.26749883 0.00000000 0.98166997
1.32000000 0.24817545 0.24810197 0.96851344 0.26749883 0.00000000 0.98701994
1.34000000 0.22875281 0.22870512 0.97328151 0.26749883 0.00000000 0.99236992
1.36000000 0.20923867 0.20919878 0.97766110 0.21900669 0.00000000 0.99723497
1.38000000 0.18964083 0.18958296 0.98164892 0.21900669 0.00000000 1.00161511
1.40000000 0.16996714 0.16996714 0.98524442 0.16996714 0.00000000 1.00599524
1.42000000 0.15022547 0.15018139 0.98844590 0.16996714 0.00000000 1.00939458
1.44000000 0.13042371 0.13039564 0.99125168 0.16996714 0.00000000 1.01279393
1.46000000 0.11056978 0.11054966 0.99366143 0.12050277 0.00000000 1.01569863
1.48000000 0.09067162 0.09064343 0.99567336 0.12050277 0.00000000 1.01810868
1.50000000 0.07073720 0.07073720 0.99728717 0.07073720 0.00000000 1.02051874
1.52000000 0.05077448 0.05076025 0.99850214 0.07073720 0.00000000 1.02193348
1.54000000 0.03079146 0.03078330 0.99931758 0.07073720 0.00000000 1.02334822
1.56000000 0.01079612 0.01079596 0.99973342 0.02079483 0.00000000 1.02426354
1.58000000 -0.00920354 -0.00920178 0.99974936 0.02079483 0.00000000 1.02467944
1.60000000 -0.02919952 -0.02919952 0.99936535 -0.02919952 0.00000000 1.02509534
1.62000000 -0.04918382 -0.04916807 0.99858167 -0.02919952 0.00000000 1.02451135
1.64000000 -0.06914845 -0.06913662 0.99739863 -0.02919952 0.00000000 1.02392736
1.66000000 -0.08908542 -0.08906561 0.99581641 -0.07912089 0.00000000 1.02284415
1.68000000 -0.10898675 -0.10895505 0.99383620 -0.07912089 0.00000000 1.02126174
1.70000000 -0.12884449 -0.12884449 0.99145821 -0.12884449 0.00000000 1.01967932
1.72000000 -0.14865070 -0.14860512 0.98868371 -0.12884449 0.00000000 1.01710243
1.74000000 -0.16839745 -0.16836574 0.98551400 -0.12884449 0.00000000 1.01452554
1.76000000 -0.18807684 -0.18803726 0.98194952 -0.17824606 0.00000000 1.01145463
1.78000000 -0.20768100 -0.20761968 0.97799296 -0.17824606 0.00000000 1.00788971
1.80000000 -0.22720209 -0.22720209 0.97364474 -0.22720209 0.00000000 1.00432479
1.82000000 -0.24663231 -0.24655736 0.96890714 -0.22720209 0.00000000 0.99978075
1.84000000 -0.26596388 -0.26591262 0.96378244 -0.22720209 0.00000000 0.99523671
1.86000000 -0.28518906 -0.28513011 0.95827133 -0.27559025 0.00000000 0.99020878
1.88000000 -0.30430017 -0.30420984 0.95237793 -0.27559025 0.00000000 0.98469698
1.90000000 -0.32328957 -0.32328957 0.94610293 -0.32328957 0.00000000 0.97918517
1.92000000 -0.34214965 -0.34204607 0.93944958 -0.32328957 0.00000000 0.97271938
1.94000000 -0.36087288 -0.36080258 0.93242109 -0.32328957 0.00000000 0.96625359
1.96000000 -0.37945176 -0.37937403 0.92501840 -0.37018083 0.00000000 0.95931889
1.98000000 -0.39787887 -0.39776043 0.91724705 -0.37018083 0.00000000 0.95191527
2.00000000 -0.41614684 -0.41614684 0.90910798 -0.41614684 0.00000000 0.94451165
2.02000000 -0.43424835 -0.43411718 0.90060534 -0.41614684 0.00000000 0.93618872
2.04000000 -0.45217616 -0.45208752 0.89174329 -0.41614684 0.00000000 0.92786578
2.06000000 -0.46992311 -0.46982737 0.88252299 -0.46107269 0.00000000 0.91909358
2.08000000 -0.48748210 -0.48733674 0.87295135 -0.46107269 0.00000000 0.90987213
2.10000000 -0.50484610 -0.50484610 0.86302952 -0.50484610 0.00000000 0.90065068
2.12000000 -0.52200818 -0.52185073 0.85276256 -0.50484610 0.00000000 0.89055375
2.14000000 -0.53896145 -0.53885535 0.84215549 -0.50484610 0.00000000 0.88045683
2.16000000 -0.55569915 -0.55558636 0.83120971 -0.54735767 0.00000000 0.86993479
2.18000000 -0.57221457 -0.57204374 0.81993341 -0.54735767 0.00000000 0.85898764
2.20000000 -0.58850112 -0.58850112 0.80832796 -0.58850112 0.00000000 0.84804049
2.22000000 -0.60455227 -0.60437012 0.79639925 -0.58850112 0.00000000 0.83627047
2.24000000 -0.62036161 -0.62023912 0.78415316 -0.58850112 0.00000000 0.82450044
2.26000000 -0.63592282 -0.63579410 0.77159125 -0.62817362 0.00000000 0.81233370
2.28000000 -0.65122966 -0.65103506 0.75872296 -0.62817362 0.00000000 0.79977022
2.30000000 -0.66627602 -0.66627602 0.74554985 -0.66627602 0.00000000 0.78720675
2.32000000 -0.68105588 -0.68085084 0.73207858 -0.66627602 0.00000000 0.77388123
2.34000000 -0.69556333 -0.69542567 0.71831582 -0.66627602 0.00000000 0.76055571
2.36000000 -0.70979256 -0.70964920 0.70426331 -0.70271308 0.00000000 0.74686582
2.38000000 -0.72373788 -0.72352146 0.68993160 -0.70271308 0.00000000 0.73281156
2.40000000 -0.73739372 -0.73739372 0.67532245 -0.73739372 0.00000000 0.71875730
2.42000000 -0.75075460 -0.75052873 0.66044323 -0.73739372 0.00000000 0.70400942
2.44000000 -0.76381520 -0.76366375 0.64530130 -0.73739372 0.00000000 0.68926155
2.46000000 -0.77657028 -0.77641373 0.62989860 -0.77023125 0.00000000 0.67418530
2.48000000 -0.78901475 -0.78877867 0.61424668 -0.77023125 0.00000000 0.65878067
2.50000000 -0.80114362 -0.80114362 0.59834746 -0.80114362 0.00000000 0.64337605
2.52000000 -0.81295204 -0.81270758 0.58220895 -0.80114362 0.00000000 0.62735318
2.54000000 -0.82443529 -0.82427155 0.56583915 -0.80114362 0.00000000 0.61133030
2.56000000 -0.83558878 -0.83542058 0.54924016 -0.83005354 0.00000000 0.59501833
2.58000000 -0.84640804 -0.84615467 0.53242441 -0.83005354 0.00000000 0.57841726
2.60000000 -0.85688875 -0.85688875 0.51539397 -0.85688875 0.00000000 0.56181619
2.62000000 -0.86702672 -0.86676613 0.49815742 -0.85688875 0.00000000 0.54467841
2.64000000 -0.87681789 -0.87664351 0.48072333 -0.85688875 0.00000000 0.52754064
2.66000000 -0.88625834 -0.88608019 0.46309389 -0.88158220 0.00000000 0.51015593
2.68000000 -0.89534431 -0.89507616 0.44528232 -0.88158220 0.00000000 0.49252429
2.70000000 -0.90407214 -0.90407214 0.42729084 -0.90407214 0.00000000 0.47489264
2.72000000 -0.91243836 -0.91216424 0.40912848 -0.90407214 0.00000000 0.45681120
2.74000000 -0.92043962 -0.92025633 0.39080427 -0.90407214 0.00000000 0.43872976
2.76000000 -0.92807271 -0.92788637 0.37232053 -0.92430238 0.00000000 0.42044601
2.78000000 -0.93533459 -0.93505436 0.35369113 -0.92430238 0.00000000 0.40195996
2.80000000 -0.94222234 -0.94222234 0.33491836 -0.94222234 0.00000000 0.38347392
2.82000000 -0.94873322 -0.94844830 0.31601165 -0.94222234 0.00000000 0.36462947
2.84000000 -0.95486462 -0.95467426 0.29698043 -0.94222234 0.00000000 0.34578502
2.86000000 -0.96061408 -0.96042142 0.27782708 -0.95778724 0.00000000 0.32678493
2.88000000 -0.96597931 -0.96568979 0.25856596 -0.95778724 0.00000000 0.30762918
2.90000000 -0.97095817 -0.97095817 0.23919948 -0.97095817 0.00000000 0.28847344
2.92000000 -0.97554865 -0.97525578 0.21973734 -0.97095817 0.00000000 0.26905427
2.94000000 -0.97974892 -0.97955340 0.20018925 -0.97095817 0.00000000 0.24963511
2.96000000 -0.98355731 -0.98336026 0.18055766 -0.98170220 0.00000000 0.23010851
2.98000000 -0.98697229 -0.98667638 0.16085730 -0.98170220 0.00000000 0.21047446
3.00000000 -0.98999250 -0.98999250 0.14109061 -0.98999250 0.00000000 0.19084042
3.02000000 -0.99261672 -0.99231883 0.12126749 -0.98999250 0.00000000 0.17104057
3.04000000 -0.99484390 -0.99464516 0.10139785 -0.98999250 0.00000000 0.15124072
3.06000000 -0.99667317 -0.99647369 0.08148418 -0.99580832 0.00000000 0.13138271
3.08000000 -0.99810377 -0.99780442 0.06154140 -0.99580832 0.00000000 0.11146654
3.10000000 -0.99913515 -0.99913515 0.04157200 -0.99913515 0.00000000 0.09155038
3.12000000 -0.99976689 -0.99946695 0.02158598 -0.99913515 0.00000000 0.07156768
3.14000000 -0.99999873 -0.99979876 0.00159332 -0.99913515 0.00000000 0.05158497
3.16000000 -0.99983059 -0.99963068 -0.01840347 -0.99996466 0.00000000 0.03159397
3.18000000 -0.99926253 -0.99896273 -0.03838941 -0.99996466 0.00000000 0.01159468
3.20000000 -0.99829478 -0.99829478 -0.05836198 -0.99829478 0.00000000 -0.00840461
3.22000000 -0.99692772 -0.99662874 -0.07831122 -0.99829478 0.00000000 -0.02837051
3.24000000 -0.99516190 -0.99496270 -0.09822713 -0.99829478 0.00000000 -0.04833640
3.26000000 -0.99299804 -0.99279969 -0.11810724 -0.99412968 0.00000000 -0.06826065
3.28000000 -0.99043698 -0.99013973 -0.13793663 -0.99412968 0.00000000 -0.08814324
3.30000000 -0.98747977 -0.98747977 -0.15771283 -0.98747977 0.00000000 -0.10802583
3.32000000 -0.98412758 -0.98383253 -0.17742595 -0.98747977 0.00000000 -0.12777543
3.34000000 -0.98038175 -0.98018530 -0.19706613 -0.98747977 0.00000000 -0.14752503
3.36000000 -0.97624378 -0.97604898 -0.21663092 -0.97836168 0.00000000 -0.16718344
3.38000000 -0.97171532 -0.97142359 -0.23610564 -0.97836168 0.00000000 -0.18675067
3.40000000 -0.96679819 -0.96679819 -0.25548786 -0.96679819 0.00000000 -0.20631791
3.42000000 -0.96149436 -0.96120620 -0.27476791 -0.96679819 0.00000000 -0.22565387
3.44000000 -0.95580594 -0.95561421 -0.29393611 -0.96679819 0.00000000 -0.24498983
3.46000000 -0.94973521 -0.94954591 -0.31299009 -0.95281821 0.00000000 -0.26418600
3.48000000 -0.94328460 -0.94300130 -0.33191556 -0.95281821 0.00000000 -0.28324236
3.50000000 -0.93645669 -0.93645669 -0.35071014 -0.93645669 0.00000000 -0.30229873
3.52000000 -0.92925421 -0.92897581 -0.36936447 -0.93645669 0.00000000 -0.32102786
3.54000000 -0.92168003 -0.92149494 -0.38786918 -0.93645669 0.00000000 -0.33975700
3.56000000 -0.91373720 -0.91355529 -0.40622197 -0.91775451 0.00000000 -0.35829911
3.58000000 -0.90542889 -0.90515685 -0.42440910 -0.91775451 0.00000000 -0.37665420
3.60000000 -0.89675842 -0.89675842 -0.44242825 -0.89675842 0.00000000 -0.39500929
3.62000000 -0.88772925 -0.88746341 -0.46027047 -0.89675842 0.00000000 -0.41294446
3.64000000 -0.87834501 -0.87816840 -0.47792678 -0.89675842 0.00000000 -0.43087962
3.66000000 -0.86860944 -0.86843672 -0.49539502 -0.87352090 0.00000000 -0.44858242
3.68000000 -0.85852643 -0.85826838 -0.51266207 -0.87352090 0.00000000 -0.46605284
3.70000000 -0.84810003 -0.84810003 -0.52972575 -0.84810003 0.00000000 -0.48352325
3.72000000 -0.83733440 -0.83708376 -0.54657759 -0.84810003 0.00000000 -0.50048525
3.74000000 -0.82623385 -0.82606749 -0.56320910 -0.84810003 0.00000000 -0.51744725
3.76000000 -0.81480281 -0.81464103 -0.57961824 -0.82055936 0.00000000 -0.53413385
3.78000000 -0.80304587 -0.80280437 -0.59579269 -0.82055936 0.00000000 -0.55054504
3.80000000 -0.79096771 -0.79096771 -0.61173042 -0.79096771 0.00000000 -0.56695622
3.82000000 -0.77857318 -0.77834025 -0.62742349 -0.79096771 0.00000000 -0.58277558
3.84000000 -0.76586723 -0.76571279 -0.64286403 -0.79096771 0.00000000 -0.59859493
3.86000000 -0.75285495 -0.75270571 -0.65805011 -0.75939906 0.00000000 -0.61409860
3.88000000 -0.73954153 -0.73931901 -0.67297036 -0.75939906 0.00000000 -0.62928658
3.90000000 -0.72593230 -0.72593230 -0.68762287 -0.72593230 0.00000000 -0.64447456
3.92000000 -0.71203272 -0.71181982 -0.70200039 -0.72593230 0.00000000 -0.65899321
3.94000000 -0.69784833 -0.69770734 -0.71609566 -0.72593230 0.00000000 -0.67351185
3.96000000 -0.68338480 -0.68324960 -0.72990696 -0.69065110 0.00000000 -0.68767769
3.98000000 -0.66864794 -0.66844661 -0.74342392 -0.69065110 0.00000000 -0.70149071
4.00000000 -0.65364362 -0.65364362 -0.75664482 -0.65364362 0.00000000 -0.71530373
4.02000000 -0.63837786 -0.63818712 -0.76956313 -0.65364362 0.00000000 -0.72837660
4.04000000 -0.62285675 -0.62273063 -0.78217231 -0.65364362 0.00000000 -0.74144948
4.06000000 -0.60708651 -0.60696669 -0.79447082 -0.61500238 0.00000000 -0.75413594
4.08000000 -0.59107344 -0.59089532 -0.80644944 -0.61500238 0.00000000 -0.76643598
4.10000000 -0.57482395 -0.57482395 -0.81810663 -0.57482395 0.00000000 -0.77873603
4.12000000 -0.55834453 -0.55817787 -0.82943665 -0.57482395 0.00000000 -0.79023251
4.14000000 -0.54164179 -0.54153179 -0.84043374 -0.57482395 0.00000000 -0.80172899
4.16000000 -0.52472240 -0.52461917 -0.85109659 -0.53320876 0.00000000 -0.81280932
4.18000000 -0.50759313 -0.50744000 -0.86141718 -0.53320876 0.00000000 -0.82347349
4.20000000 -0.49026082 -0.49026082 -0.87139419 -0.49026082 0.00000000 -0.83413767
4.22000000 -0.47273242 -0.47259149 -0.88102271 -0.49026082 0.00000000 -0.84394288
4.24000000 -0.45501493 -0.45492216 -0.89029785 -0.49026082 0.00000000 -0.85374810
4.26000000 -0.43711544 -0.43702983 -0.89921848 -0.44608749 0.00000000 -0.86311158
4.28000000 -0.41904111 -0.41891450 -0.90777792 -0.44608749 0.00000000 -0.87203333
4.30000000 -0.40079917 -0.40079917 -0.91597506 -0.40079917 0.00000000 -0.88095508
4.32000000 -0.38239692 -0.38228313 -0.92380588 -0.40079917 0.00000000 -0.88897107
4.34000000 -0.36384171 -0.36376709 -0.93126639 -0.40079917 0.00000000 -0.89698705
4.36000000 -0.34514097 -0.34507383 -0.93835568 -0.35450907 0.00000000 -0.90454013
4.38000000 -0.32630218 -0.32620335 -0.94506845 -0.35450907 0.00000000 -0.91163031
4.40000000 -0.30733287 -0.30733287 -0.95140382 -0.30733287 0.00000000 -0.91872049
4.42000000 -0.28824063 -0.28815512 -0.95735870 -0.30733287 0.00000000 -0.92486715
4.44000000 -0.26903310 -0.26897738 -0.96293002 -0.30733287 0.00000000 -0.93101381
4.46000000 -0.24971796 -0.24966996 -0.96811714 -0.25938850 0.00000000 -0.93668102
4.48000000 -0.23030294 -0.23023288 -0.97291617 -0.25938850 0.00000000 -0.94186879
4.50000000 -0.21079580 -0.21079580 -0.97732646 -0.25938850 0.00000000 -0.94705656
4.52000000 -0.19120434 -0.19114797 -0.98134589 -0.21079580 0.00000000 -0.95127248
4.54000000 -0.17153641 -0.17150013 -0.98497238 -0.21079580 0.00000000 -0.95548839
4.56000000 -0.15179986 -0.15177148 -0.98820550 -0.16167622 0.00000000 -0.95921311
4.58000000 -0.13200259 -0.13196200 -0.99104283 -0.16167622 0.00000000 -0.96244664
4.60000000 -0.11215253 -0.11215253 -0.99348398 -0.16167622 0.00000000 -0.96568016
4.62000000 -0.09225760 -0.09223092 -0.99552781 -0.11215253 0.00000000 -0.96792321
4.64000000 -0.07232578 -0.07230932 -0.99717321 -0.11215253 0.00000000 -0.97016626
4.66000000 -0.05236502 -0.05235654 -0.99842003 -0.06234851 0.00000000 -0.97191127
4.68000000 -0.03238332 -0.03237260 -0.99926732 -0.06234851 0.00000000 -0.97315824
4.70000000 -0.01238866 -0.01238866 -0.99971493 -0.06234851 0.00000000 -0.97440521
4.72000000 0.00761095 0.00760766 -0.99976274 -0.01238866 0.00000000 -0.97465299
4.74000000 0.02760751 0.02760399 -0.99941063 -0.01238866 0.00000000 -0.97490076
4.76000000 0.04759303 0.04758152 -0.99865868 0.03760215 0.00000000 -0.97464863
4.78000000 0.06755952 0.06754025 -0.99750746 0.03760215 0.00000000 -0.97389658
4.80000000 0.08749898 0.08749898 -0.99595707 0.03760215 0.00000000 -0.97314454
4.82000000 0.10740345 0.10737023 -0.99400837 0.08749898 0.00000000 -0.97139456
4.84000000 0.12726495 0.12724149 -0.99166226 0.08749898 0.00000000 -0.96964458
4.86000000 0.14707555 0.14704416 -0.98891906 0.13717711 0.00000000 -0.96739782
4.88000000 0.16682733 0.16677827 -0.98578083 0.13717711 0.00000000 -0.96465428
4.90000000 0.18651237 0.18651237 -0.98224793 0.13717711 0.00000000 -0.96191074
4.92000000 0.20612281 0.20606000 -0.97832220 0.18651237 0.00000000 -0.95818049
4.94000000 0.22565081 0.22560763 -0.97400553 0.18651237 0.00000000 -0.95445024
4.96000000 0.24508854 0.24503759 -0.96929849 0.23538144 0.00000000 -0.95023130
4.98000000 0.26442825 0.26434989 -0.96420461 0.23538144 0.00000000 -0.94552367
5.00000000 0.28366219 0.28366219 -0.95872449 0.23538144 0.00000000 -0.94081605
5.02000000 0.30278266 0.30269088 -0.95286096 0.28366219 0.00000000 -0.93514280
5.04000000 0.32178203 0.32171957 -0.94661686 0.28366219 0.00000000 -0.92946956
5.06000000 0.34065269 0.34058268 -0.93999300 0.33123392 0.00000000 -0.92332060
5.08000000 0.35938709 0.35928021 -0.93299438 0.33123392 0.00000000 -0.91669592
5.10000000 0.37797774 0.37797774 -0.92562180 0.33123392 0.00000000 -0.91007124
5.12000000 0.39641721 0.39629737 -0.91787905 0.37797774 0.00000000 -0.90251168
5.14000000 0.41469811 0.41461700 -0.90976990 0.37797774 0.00000000 -0.89495213
5.16000000 0.43281314 0.43272479 -0.90129542 0.42377682 0.00000000 -0.88693458
5.18000000 0.45075506 0.45062073 -0.89246197 0.42377682 0.00000000 -0.87845905
5.20000000 0.46851667 0.46851667 -0.88327059 0.42377682 0.00000000 -0.86998351
5.22000000 0.48609089 0.48594419 -0.87372599 0.46851667 0.00000000 -0.86061318
5.24000000 0.50347067 0.50337172 -0.86383283 0.46851667 0.00000000 -0.85124284
5.26000000 0.52064907 0.52054325 -0.85359240 0.51208548 0.00000000 -0.84143682
5.28000000 0.53761923 0.53745879 -0.84301238 0.51208548 0.00000000 -0.83119511
5.30000000 0.55437434 0.55437434 -0.83209405 0.51208548 0.00000000 -0.82095340
5.32000000 0.57090770 0.57073562 -0.82084295 0.55437434 0.00000000 -0.80986592
5.34000000 0.58721272 0.58709691 -0.80926462 0.55437434 0.00000000 -0.79877843
5.36000000 0.60328285 0.60316061 -0.79736056 0.59527755 0.00000000 -0.78728191
5.38000000 0.61911168 0.61892674 -0.78513968 0.59527755 0.00000000 -0.77537636
5.40000000 0.63469288 0.63469288 -0.77260349 0.59527755 0.00000000 -0.76347081
5.42000000 0.65002020 0.64982445 -0.75975832 0.63469288 0.00000000 -0.75077695
5.44000000 0.66508753 0.66495602 -0.74661051 0.63469288 0.00000000 -0.73808310
5.46000000 0.67988883 0.67975140 -0.73316176 0.67252180 0.00000000 -0.72501095
5.48000000 0.69441818 0.69421059 -0.71942214 0.67252180 0.00000000 -0.71156051
5.50000000 0.70866977 0.70866977 -0.70539333 0.67252180 0.00000000 -0.69811008
5.52000000 0.72263791 0.72242044 -0.69108243 0.70866977 0.00000000 -0.68393668
5.54000000 0.73631700 0.73617111 -0.67649651 0.70866977 0.00000000 -0.66976329
5.56000000 0.74970158 0.74955033 -0.66163744 0.74304644 0.00000000 -0.65524612
5.58000000 0.76278628 0.76255810 -0.64651636 0.74304644 0.00000000 -0.64038519
5.60000000 0.77556588 0.77556588 -0.63113512 0.74304644 0.00000000 -0.62552427
5.62000000 0.78803526 0.78779825 -0.61550148 0.77556588 0.00000000 -0.61001295
5.64000000 0.80018944 0.80003062 -0.59962319 0.77556588 0.00000000 -0.59450163
5.66000000 0.81202356 0.81186000 -0.58350227 0.80614681 0.00000000 -0.57868450
5.68000000 0.82353287 0.82328639 -0.56715080 0.80614681 0.00000000 -0.56256157
5.70000000 0.83471278 0.83471278 -0.55057081 0.80614681 0.00000000 -0.54643863
5.72000000 0.84555882 0.84530464 -0.53377064 0.83471278 0.00000000 -0.52974438
5.74000000 0.85606665 0.85589649 -0.51675863 0.83471278 0.00000000 -0.51305012
5.76000000 0.86623206 0.86605784 -0.49953693 0.86119242 0.00000000 -0.49609107
5.78000000 0.87605099 0.87578868 -0.48211847 0.86119242 0.00000000 -0.47886722
5.80000000 0.88551952 0.88551952 -0.46450538 0.86119242 0.00000000 -0.46164337
5.82000000 0.89463384 0.89436502 -0.44670654 0.88551952 0.00000000 -0.44393298
5.84000000 0.90339033 0.90321053 -0.42873078 0.88551952 0.00000000 -0.42622259
5.86000000 0.91178547 0.91160231 -0.41058039 0.90763328 0.00000000 -0.40829106
5.88000000 0.91981591 0.91954037 -0.39226896 0.90763328 0.00000000 -0.39013840
5.90000000 0.92747843 0.92747843 -0.37379877 0.90763328 0.00000000 -0.37198573
5.92000000 0.93476998 0.93448921 -0.35517909 0.92747843 0.00000000 -0.35343616
5.94000000 0.94168763 0.94149998 -0.33641920 0.92747843 0.00000000 -0.33488659
5.96000000 0.94822861 0.94803835 -0.31752146 0.94500537 0.00000000 -0.31616176
5.98000000 0.95439032 0.95410432 -0.29850003 0.94500537 0.00000000 -0.29726165
6.00000000 0.96017029 0.96017029 -0.27935728 0.94500537 0.00000000 -0.27836154
6.02000000 0.96556620 0.96527628 -0.26010282 0.96017029 0.00000000 -0.25915814
6.04000000 0.97057589 0.97038228 -0.24074623 0.96017029 0.00000000 -0.23995473
6.06000000 0.97519737 0.97500191 -0.22128996 0.97293528 0.00000000 -0.22062367
6.08000000 0.97942878 0.97913517 -0.20174859 0.97293528 0.00000000 -0.20116497
6.10000000 0.98326844 0.98326844 -0.18212455 0.97293528 0.00000000 -0.18170626
6.12000000 0.98671480 0.98641864 -0.16242768 0.98326844 0.00000000 -0.16204089
6.14000000 0.98976649 0.98956884 -0.14266781 0.98326844 0.00000000 -0.14237553
6.16000000 0.99242228 0.99222357 -0.12284741 0.99114394 0.00000000 -0.12263140
6.18000000 0.99468112 0.99438283 -0.10298134 0.99114394 0.00000000 -0.10280852
6.20000000 0.99654210 0.99654210 -0.08307209 0.99114394 0.00000000 -0.08298564
6.22000000 0.99800447 0.99770503 -0.06312962 0.99654210 0.00000000 -0.06305480
6.24000000 0.99906766 0.99886795 -0.04316389 0.99654210 0.00000000 -0.04312396
6.26000000 0.99973123 0.99953126 -0.02317740 0.99944942 0.00000000 -0.02316405
6.28000000 0.99999493 0.99969495 -0.00318514 0.99944942 0.00000000 -0.00317506
6.30000000 0.99985864 0.99985864 0.01681040 0.99944942 0.00000000 0.01681393
6.32000000 0.99932242 0.99902267 0.03679921 0.99985864 0.00000000 0.03681110
6.34000000 0.99838648 0.99818671 0.05677130 0.99985864 0.00000000 0.05680828
6.36000000 0.99705120 0.99685197 0.07672419 0.99776873 0.00000000 0.07678455
6.38000000 0.99531712 0.99501844 0.09664289 0.99776873 0.00000000 0.09673993
6.40000000 0.99318492 0.99318492 0.11652492 0.99776873 0.00000000 0.11669530
6.42000000 0.99065546 0.99035842 0.13636036 0.99318492 0.00000000 0.13655900
6.44000000 0.98772975 0.98753191 0.15613926 0.99318492 0.00000000 0.15642270
6.46000000 0.98440896 0.98421246 0.17585917 0.98611866 0.00000000 0.17621573
6.48000000 0.98069443 0.98040004 0.19550529 0.98611866 0.00000000 0.19593811
6.50000000 0.97658763 0.97658763 0.21507517 0.98611866 0.00000000 0.21566048
6.52000000 0.97209020 0.97179883 0.23455903 0.97658763 0.00000000 0.23519223
6.54000000 0.96720395 0.96701003 0.25394712 0.97658763 0.00000000 0.25472398
6.56000000 0.96193084 0.96173902 0.27323702 0.96461563 0.00000000 0.27413602
6.58000000 0.95627296 0.95598581 0.29241427 0.96461563 0.00000000 0.29342833
6.60000000 0.95023259 0.95023259 0.31147646 0.96461563 0.00000000 0.31272064
6.62000000 0.94381214 0.94352934 0.33041408 0.95023259 0.00000000 0.33172529
6.64000000 0.93701418 0.93682609 0.34921763 0.95023259 0.00000000 0.35072995
6.66000000 0.92984142 0.92965621 0.36788479 0.93347447 0.00000000 0.36956702
6.68000000 0.92229674 0.92201968 0.38640155 0.93347447 0.00000000 0.38823651
6.70000000 0.91438315 0.91438315 0.40476557 0.93347447 0.00000000 0.40690599
6.72000000 0.90610382 0.90583243 0.42296773 0.91438315 0.00000000 0.42519366
6.74000000 0.89746206 0.89728171 0.44099887 0.91438315 0.00000000 0.44348132
6.76000000 0.88846133 0.88828457 0.45885677 0.89300634 0.00000000 0.46155522
6.78000000 0.87910522 0.87884103 0.47652802 0.89300634 0.00000000 0.47941534
6.80000000 0.86939749 0.86939749 0.49401041 0.89300634 0.00000000 0.49727547
6.82000000 0.85934201 0.85908473 0.51129523 0.86939749 0.00000000 0.51466342
6.84000000 0.84894280 0.84877197 0.52837380 0.86939749 0.00000000 0.53205137
6.86000000 0.83820403 0.83803750 0.54524400 0.84361560 0.00000000 0.54918150
6.88000000 0.82712998 0.82688130 0.56189319 0.84361560 0.00000000 0.56605381
6.90000000 0.81572510 0.81572510 0.57831925 0.84361560 0.00000000 0.58292612
6.92000000 0.80399394 0.80375335 0.59451404 0.81572510 0.00000000 0.59924063
6.94000000 0.79194119 0.79178159 0.61046938 0.81572510 0.00000000 0.61555513
6.96000000 0.77957167 0.77941702 0.62618334 0.78579572 0.00000000 0.63157034
6.98000000 0.76689033 0.76665964 0.64164410 0.78579572 0.00000000 0.64728625
7.00000000 0.75390225 0.75390225 0.65684972 0.78579572 0.00000000 0.66300216
7.02000000 0.74061262 0.74039112 0.67179265 0.75390225 0.00000000 0.67808021
7.04000000 0.72702676 0.72687999 0.68646537 0.75390225 0.00000000 0.69315825
7.06000000 0.71315009 0.71300888 0.70086605 0.72012443 0.00000000 0.70789852
7.08000000 0.69898817 0.69877777 0.71498392 0.72012443 0.00000000 0.72230101
7.10000000 0.68454667 0.68454667 0.72881717 0.72012443 0.00000000 0.73670350
7.12000000 0.66983135 0.66963116 0.74235894 0.68454667 0.00000000 0.75039443
7.14000000 0.65484812 0.65471565 0.75560241 0.68454667 0.00000000 0.76408537
7.16000000 0.63960295 0.63947658 0.76854595 0.64725789 0.00000000 0.77740341
7.18000000 0.62410195 0.62391395 0.78117986 0.64725789 0.00000000 0.79034857
7.20000000 0.60835131 0.60835131 0.79350251 0.64725789 0.00000000 0.80329373
7.22000000 0.59235735 0.59218046 0.80550783 0.60835131 0.00000000 0.81546075
7.24000000 0.57612645 0.57600960 0.81718973 0.60835131 0.00000000 0.82762778
7.26000000 0.55966511 0.55955484 0.82854679 0.56792417 0.00000000 0.83939053
7.28000000 0.54297990 0.54281618 0.83957050 0.56792417 0.00000000 0.85074902
7.30000000 0.52607752 0.52607752 0.85025944 0.56792417 0.00000000 0.86210750
7.32000000 0.50896471 0.50881289 0.86060834 0.52607752 0.00000000 0.87262905
7.34000000 0.49164832 0.49154826 0.87061195 0.52607752 0.00000000 0.88315060
7.36000000 0.47413527 0.47404222 0.88026907 0.48291594 0.00000000 0.89324054
7.38000000 0.45643258 0.45629477 0.88957244 0.48291594 0.00000000 0.90289886
7.40000000 0.43854733 0.43854733 0.89852086 0.48291594 0.00000000 0.91255717
7.42000000 0.42048666 0.42036143 0.90710994 0.43854733 0.00000000 0.92132812
7.44000000 0.40225780 0.40217552 0.91533531 0.43854733 0.00000000 0.93009907
7.46000000 0.38386804 0.38379312 0.92319598 0.39308257 0.00000000 0.93841537
7.48000000 0.36532474 0.36521422 0.93068606 0.39308257 0.00000000 0.94627702
7.50000000 0.34663532 0.34663532 0.93780455 0.39308257 0.00000000 0.95413867
7.52000000 0.32780724 0.32770985 0.94454800 0.34663532 0.00000000 0.96107138
7.54000000 0.30884805 0.30878439 0.95091295 0.34663532 0.00000000 0.96800408
7.56000000 0.28976532 0.28970929 0.95689863 0.29932165 0.00000000 0.97446365
7.58000000 0.27056670 0.27048457 0.96250057 0.29932165 0.00000000 0.98045008
7.60000000 0.25125984 0.25125984 0.96771801 0.29932165 0.00000000 0.98643652
7.62000000 0.23185249 0.23178391 0.97254845 0.25125984 0.00000000 0.99146171
7.64000000 0.21235240 0.21230798 0.97698937 0.25125984 0.00000000 0.99648691
7.66000000 0.19276737 0.19273078 0.98104026 0.20257001 0.00000000 1.00102521
7.68000000 0.17310524 0.17305232 0.98469810 0.20257001 0.00000000 1.00507661
7.70000000 0.15337386 0.15337386 0.98796236 0.20257001 0.00000000 1.00912801
7.72000000 0.13358114 0.13354206 0.99083152 0.15337386 0.00000000 1.01219549
7.74000000 0.11373499 0.11371026 0.99330404 0.15337386 0.00000000 1.01526296
7.76000000 0.09384335 0.09382657 0.99537967 0.10379436 0.00000000 1.01783465
7.78000000 0.07391417 0.07389100 0.99705684 0.10379436 0.00000000 1.01991053
7.80000000 0.05395542 0.05395542 0.99833531 0.10379436 0.00000000 1.02198642
7.82000000 0.03397509 0.03396590 0.99921452 0.05395542 0.00000000 1.02306553
7.84000000 0.01398118 0.01397638 0.99969394 0.05395542 0.00000000 1.02414464
7.86000000 -0.00601833 -0.00601513 0.99977357 0.00398162 0.00000000 1.02472401
7.88000000 -0.02601543 -0.02600863 0.99945333 0.00398162 0.00000000 1.02480364
7.90000000 -0.04600213 -0.04600213 0.99873322 0.00398162 0.00000000 1.02488327
7.92000000 -0.06597042 -0.06594963 0.99761370 -0.04600213 0.00000000 1.02396323
7.94000000 -0.08591233 -0.08589714 0.99609524 -0.04600213 0.00000000 1.02304319
7.96000000 -0.10581987 -0.10579672 0.99417806 -0.09587089 0.00000000 1.02162446
7.98000000 -0.12568509 -0.12564838 0.99186361 -0.09587089 0.00000000 1.01970704
8.00000000 -0.14550003 -0.14550003 0.98915212 -0.09587089 0.00000000 1.01778962
8.02000000 -0.16525678 -0.16520622 0.98604506 -0.14550003 0.00000000 1.01487962
8.04000000 -0.18494743 -0.18491241 0.98254387 -0.14550003 0.00000000 1.01196962
8.06000000 -0.20456410 -0.20452123 0.97864905 -0.19476550 0.00000000 1.00856697
8.08000000 -0.22409894 -0.22403269 0.97436351 -0.19476550 0.00000000 1.00467166
8.10000000 -0.24354415 -0.24354415 0.96968774 -0.19476550 0.00000000 1.00077635
8.12000000 -0.26289195 -0.26281212 0.96462418 -0.24354415 0.00000000 0.99590546
8.14000000 -0.28213459 -0.28208009 0.95917526 -0.24354415 0.00000000 0.99103458
8.16000000 -0.30126438 -0.30120223 0.95334170 -0.29171407 0.00000000 0.98568200
8.18000000 -0.32027368 -0.32017855 0.94712790 -0.29171407 0.00000000 0.97984772
8.20000000 -0.33915486 -0.33915486 0.94053456 -0.29171407 0.00000000 0.97401343
8.22000000 -0.35790039 -0.35779209 0.93356509 -0.33915486 0.00000000 0.96723034
8.24000000 -0.37650276 -0.37642932 0.92622288 -0.33915486 0.00000000 0.96044724
8.26000000 -0.39495454 -0.39487372 0.91850888 -0.38574794 0.00000000 0.95319821
8.28000000 -0.41324834 -0.41312528 0.91042889 -0.38574794 0.00000000 0.94548325
8.30000000 -0.43137684 -0.43137684 0.90198387 -0.38574794 0.00000000 0.93776829
8.32000000 -0.44933281 -0.44919712 0.89317813 -0.43137684 0.00000000 0.92914076
8.34000000 -0.46710904 -0.46701740 0.88401599 -0.43137684 0.00000000 0.92051322
8.36000000 -0.48469844 -0.48459976 0.87449863 -0.47592754 0.00000000 0.91144018
8.38000000 -0.50209396 -0.50194421 0.86463319 -0.47592754 0.00000000 0.90192163
8.40000000 -0.51928865 -0.51928865 0.85442086 -0.47592754 0.00000000 0.89240308
8.42000000 -0.53627564 -0.53611392 0.84386683 -0.51928865 0.00000000 0.88201730
8.44000000 -0.55304812 -0.55293919 0.83297630 -0.51928865 0.00000000 0.87163153
8.46000000 -0.56959939 -0.56948384 0.82175067 -0.56135182 0.00000000 0.86082512
8.48000000 -0.58592283 -0.58574787 0.81019835 -0.56135182 0.00000000 0.84959809
8.50000000 -0.60201190 -0.60201190 0.79832075 -0.56135182 0.00000000 0.83837105
8.52000000 -0.61786018 -0.61767405 0.78612389 -0.60201190 0.00000000 0.82633081
8.54000000 -0.63346133 -0.63333619 0.77361379 -0.60201190 0.00000000 0.81429058
8.56000000 -0.64880909 -0.64867782 0.76079205 -0.64116727 0.00000000 0.80185878
8.58000000 -0.66389735 -0.66369894 0.74766828 -0.64116727 0.00000000 0.78903544
8.60000000 -0.67872005 -0.67872005 0.73424409 -0.64116727 0.00000000 0.77621209
8.62000000 -0.69327127 -0.69306258 0.72052627 -0.67872005 0.00000000 0.76263769
8.64000000 -0.70754519 -0.70740511 0.70652159 -0.67872005 0.00000000 0.74906329
8.66000000 -0.72153611 -0.72139043 0.69223185 -0.71457638 0.00000000 0.73513033
8.68000000 -0.73523842 -0.73501854 0.67766776 -0.71457638 0.00000000 0.72083880
8.70000000 -0.74864665 -0.74864665 0.66283111 -0.71457638 0.00000000 0.70654727
8.72000000 -0.76175542 -0.76152626 0.64772938 -0.74864665 0.00000000 0.69157434
8.74000000 -0.77455951 -0.77440588 0.63237006 -0.74864665 0.00000000 0.67660141
8.76000000 -0.78705378 -0.78689515 0.61675509 -0.78084568 0.00000000 0.66130648
8.78000000 -0.79923324 -0.79899408 0.60089620 -0.78084568 0.00000000 0.64568957
8.80000000 -0.81109301 -0.81109301 0.58479533 -0.78084568 0.00000000 0.63007266
8.82000000 -0.82262836 -0.82238102 0.56846059 -0.81109301 0.00000000 0.61385080
8.84000000 -0.83383468 -0.83366903 0.55190009 -0.81109301 0.00000000 0.59762893
8.86000000 -0.84470746 -0.84453747 0.53511593 -0.83931303 0.00000000 0.58112487
8.88000000 -0.85524238 -0.85498634 0.51812069 -0.83931303 0.00000000 0.56433861
8.90000000 -0.86543521 -0.86543521 0.50091647 -0.83931303 0.00000000 0.54755235
8.92000000 -0.87528188 -0.87501882 0.48351193 -0.86543521 0.00000000 0.53024365
8.94000000 -0.88477844 -0.88460244 0.46591572 -0.86543521 0.00000000 0.51293494
8.96000000 -0.89392111 -0.89374145 0.44813006 -0.88939425 0.00000000 0.49538665
8.98000000 -0.90270622 -0.90243586 0.43016828 -0.88939425 0.00000000 0.47759877
9.00000000 -0.91113026 -0.91113026 0.41203262 -0.88939425 0.00000000 0.45981088
