  0.000000       1.000000       0.000000
  0.250000       0.938791       0.242349
  0.500000       0.877583       0.469396
  0.750000       0.708942       0.667711
  1.000000       0.540302       0.823867
  1.250000       0.305520       0.929595
  1.500000       0.070737       0.976627
  1.750000      -0.172705       0.963881
  2.000000      -0.416147       0.890274
  2.250000      -0.608645       0.762175
  2.500000      -0.801144       0.585952
  2.750000      -0.895568       0.373863
  3.000000      -0.989992       0.138168
  3.250000      -0.963225      -0.105984
  3.500000      -0.936457      -0.343445
  3.750000      -0.795050      -0.559883
  4.000000      -0.653644      -0.740970
  4.250000      -0.432220      -0.876703
  4.500000      -0.210796      -0.957080
  4.750000       0.036433      -0.978875
  5.000000       0.283662      -0.938863
  5.250000       0.496166      -0.841384
  5.500000       0.708670      -0.690780
  5.750000       0.834420      -0.497894
  6.000000       0.960170      -0.273570
  6.250000       0.968379      -0.032501
  6.500000       0.976588       0.210620
  6.750000       0.865245       0.440849
  7.000000       0.753902       0.643242
  7.250000       0.550269       0.806263
  7.500000       0.346635       0.918376
  7.750000       0.100568       0.974277
  8.000000      -0.145500       0.968660
  8.250000      -0.373756       0.903753
  8.500000      -0.602012       0.781782
  8.750000      -0.756571       0.611959
  9.000000      -0.911130       0.403497
