0 1
0.01 0.995001
0.03 0.985007
0.07 0.965053
0.127577 0.936462
0.182392 0.909465
0.237348 0.882696
0.292087 0.856408
0.346651 0.830655
0.401033 0.805508
0.455235 0.781037
0.509255 0.757305
0.563093 0.734374
0.61675 0.712302
0.670226 0.691142
0.723522 0.670946
0.776642 0.651759
0.829586 0.633625
0.882359 0.616583
0.934963 0.600667
0.987405 0.585911
1.03969 0.572342
1.09182 0.559984
1.14381 0.548859
1.19567 0.538986
1.24741 0.530379
1.29904 0.52305
1.35057 0.517009
1.40202 0.512264
1.4534 0.508821
1.50474 0.506682
1.55605 0.50585
1.60735 0.506325
1.65865 0.508106
1.70999 0.511191
1.76138 0.515576
1.81283 0.521254
1.86436 0.528218
1.91598 0.536458
1.96772 0.545963
2.01958 0.556717
2.07157 0.568704
2.1237 0.581902
2.17598 0.596288
2.22842 0.611835
2.28101 0.628513
2.33378 0.646286
2.38671 0.665117
2.43982 0.684965
2.4931 0.705785
2.54656 0.727527
2.6002 0.750138
2.65402 0.773564
2.70801 0.797744
2.76218 0.822615
2.81654 0.84811
2.87107 0.874161
2.92577 0.900695
2.98065 0.927636
3.03571 0.954907
3.09093 0.982428
3.14632 1.01012
3.20188 1.03789
3.2576 1.06566
3.31349 1.09334
3.36952 1.12084
3.42571 1.14807
3.48205 1.17495
3.53853 1.20138
3.59515 1.22728
3.65191 1.25256
3.70879 1.27713
3.7658 1.30091
3.82292 1.32381
3.88015 1.34575
3.93749 1.36666
3.99493 1.38646
4.05246 1.40507
4.11007 1.42243
4.16776 1.43848
4.22553 1.45316
4.28336 1.46641
4.34125 1.47818
4.39919 1.48844
4.45717 1.49713
4.51519 1.50423
4.57324 1.50972
4.63132 1.51356
4.68941 1.51575
4.74751 1.51628
4.80562 1.51514
4.86372 1.51235
4.92181 1.5079
4.97988 1.50182
5.03793 1.49412
5.09595 1.48484
5.15393 1.47401
5.21186 1.46167
5.26974 1.44787
5.32756 1.43265
5.38531 1.41608
5.44299 1.39821
5.50059 1.37911
5.5581 1.35884
5.61552 1.33749
5.67284 1.31512
5.73004 1.29182
5.78714 1.26767
5.84411 1.24275
5.90096 1.21715
5.95767 1.19096
6.01425 1.16427
6.07068 1.13716
6.12697 1.10973
6.1831 1.08207
6.23908 1.05427
6.2949 1.02641
6.35055 0.998579
6.40603 0.97087
6.46135 0.943365
6.51649 0.916145
6.57145 0.88929
6.62624 0.862879
6.68085 0.836986
6.73527 0.811682
6.78952 0.787037
6.84359 0.763116
6.89747 0.739981
6.95117 0.717691
7.00469 0.6963
7.05803 0.675861
7.1112 0.656419
7.16418 0.638021
7.217 0.620704
7.26964 0.604506
7.32212 0.58946
7.37445 0.575594
7.42662 0.562934
7.47864 0.551502
7.53053 0.541316
7.5823 0.532394
7.63395 0.524747
7.68551 0.518386
7.73697 0.51332
7.78837 0.509553
7.83972 0.507091
7.89103 0.505934
7.94233 0.506086
7.99364 0.507543
8.04497 0.510305
8.09634 0.514368
8.14777 0.519726
8.19928 0.526372
8.25088 0.534297
8.30259 0.543489
8.35441 0.553936
8.40637 0.565618
8.45847 0.578518
8.51071 0.592612
8.56311 0.607874
8.61566 0.624274
8.66839 0.641779
8.72128 0.660352
8.77434 0.679952
8.82758 0.700535
8.881 0.722053
8.93459 0.744454
8.98836 0.767684
9.04231 0.791682
9.09644 0.816388
9.15075 0.841735
9.20524 0.867655
9.2599 0.894075
9.31474 0.920923
9.36975 0.94812
9.42493 0.975586
9.48028 1.00324
9.5358 1.031
9.59148 1.05878
9.64732 1.08649
9.70332 1.11404
9.75948 1.14135
9.81578 1.16832
9.87222 1.19488
9.92881 1.22092
9.98553 1.24636
10.0424 1.27111
10.0994 1.29509
10.1565 1.31822
10.2137 1.34041
10.271 1.36158
10.3284 1.38165
10.3859 1.40057
10.4435 1.41825
10.5012 1.43463
10.5589 1.44965
10.6167 1.46326
10.6746 1.4754
10.7325 1.48604
10.7905 1.49512
10.8485 1.50262
10.9066 1.50851
10.9646 1.51276
11.0227 1.51536
11.0808 1.51631
11.1389 1.51558
11.197 1.5132
11.2551 1.50915
11.3132 1.50348
11.3712 1.49618
11.4293 1.48729
11.4873 1.47684
11.5452 1.46487
11.6031 1.45143
11.6609 1.43656
11.7187 1.42031
11.7764 1.40276
11.834 1.38396
11.8916 1.36397
11.949 1.34288
12.0063 1.32076
12.0636 1.29768
12.1207 1.27373
12.1777 1.249
12.2346 1.22356
12.2913 1.19751
12.3479 1.17093
12.4044 1.14392
12.4607 1.11656
12.5169 1.08895
12.5729 1.06117
12.6288 1.03331
12.6845 1.00547
12.74 0.977724
12.7954 0.95016
12.8505 0.922862
12.9055 0.89591
12.9604 0.869382
13.015 0.843353
13.0695 0.817897
13.1238 0.793083
13.1779 0.768976
13.2318 0.745641
13.2856 0.723136
13.3391 0.701517
13.3925 0.680837
13.4457 0.661144
13.4988 0.642483
13.5516 0.624894
13.6043 0.608416
13.6568 0.593081
13.7092 0.57892
13.7614 0.565959
13.8135 0.55422
13.8654 0.543724
13.9172 0.534487
13.9689 0.526523
14.0204 0.519843
14.0719 0.514455
14.1233 0.510365
14.1747 0.507579
14.226 0.506099
14.2773 0.505926
14.3286 0.50706
14.3799 0.509499
14.4313 0.513239
14.4827 0.518277
14.5342 0.524604
14.5858 0.532213
14.6375 0.541093
14.6893 0.55123
14.7412 0.562608
14.7932 0.575208
14.8454 0.589008
14.8978 0.603983
14.9503 0.620104
15.003 0.637338
15.0559 0.65565
15.1089 0.674999
15.1621 0.695343
15.2154 0.716634
15.269 0.738821
15.3227 0.76185
15.3766 0.785664
15.4307 0.8102
15.485 0.835394
15.5394 0.861179
15.594 0.887482
15.6488 0.914231
15.7038 0.941348
15.7589 0.968756
15.8142 0.996371
15.8697 1.02411
15.9254 1.05189
15.9812 1.07963
16.0371 1.10723
16.0932 1.13461
16.1495 1.16167
16.2059 1.18834
16.2625 1.21451
16.3192 1.24011
16.376 1.26504
16.4329 1.28922
16.49 1.31257
16.5472 1.335
16.6045 1.35643
16.6618 1.37678
16.7193 1.39599
16.7769 1.41398
16.8346 1.43069
16.8923 1.44606
16.9501 1.46002
17.0079 1.47253
17.0659 1.48354
17.1238 1.49302
17.1818 1.50091
17.2399 1.5072
17.2979 1.51186
17.356 1.51487
17.4141 1.51623
17.4722 1.51592
17.5303 1.51394
17.5884 1.51031
17.6465 1.50504
17.7046 1.49814
17.7626 1.48964
17.8206 1.47957
17.8786 1.46798
17.9365 1.45489
17.9943 1.44037
18.0521 1.42447
18.1098 1.40723
18.1675 1.38873
18.225 1.36903
18.2825 1.34821
18.3398 1.32633
18.3971 1.30349
18.4543 1.27975
18.5113 1.2552
18.5682 1.22993
18.625 1.20402
18.6816 1.17756
18.7381 1.15065
18.7945 1.12337
18.8507 1.09581
18.9068 1.06807
18.9627 1.04022
19.0184 1.01237
19.074 0.98459
19.1294 0.956973
19.1846 0.929601
19.2396 0.902556
19.2945 0.875915
19.3492 0.849756
19.4037 0.824151
19.4581 0.799171
19.5122 0.774883
19.5662 0.751351
19.62 0.728635
19.6736 0.706792
19.727 0.685874
19.7803 0.665932
19.8333 0.647011
19.8862 0.629153
19.939 0.612396
19.9915 0.596775
20.0439 0.58232
20.0962 0.569059
20.1483 0.557016
20.2002 0.54621
20.2521 0.536659
20.3038 0.528379
20.3554 0.521379
20.4069 0.51567
20.4583 0.511258
20.5097 0.508148
20.561 0.506344
20.6123 0.505847
20.6636 0.506657
20.7149 0.508773
20.7663 0.512191
20.8177 0.516907
20.8691 0.522916
20.9207 0.530208
20.9723 0.538774
21.0241 0.5486
21.076 0.559672
21.128 0.571971
21.1802 0.585476
21.2325 0.600162
21.285 0.616002
21.3376 0.632963
21.3904 0.651011
21.4434 0.670107
21.4966 0.690209
21.5499 0.711269
21.6034 0.733239
21.6571 0.756065
21.711 0.77969
21.765 0.804053
21.8192 0.82909
21.8736 0.854735
21.9282 0.880916
21.9829 0.907562
22.0379 0.934595
22.093 0.961938
22.1482 0.98951
22.2037 1.01723
22.2593 1.04501
22.315 1.07276
22.3709 1.1004
22.427 1.12784
22.4833 1.15499
22.5396 1.18177
22.5961 1.20807
22.6528 1.23382
22.7096 1.25893
22.7665 1.2833
22.8235 1.30686
22.8807 1.32953
22.938 1.35121
22.9953 1.37184
23.0528 1.39134
23.1103 1.40964
23.168 1.42667
23.2257 1.44238
23.2835 1.45669
23.3413 1.46957
23.3992 1.48096
23.4572 1.49081
23.5152 1.4991
23.5732 1.50579
23.6312 1.51086
23.6893 1.51428
23.7474 1.51605
23.8055 1.51615
23.8636 1.51459
23.9217 1.51136
23.9798 1.5065
24.0379 1.5
24.0959 1.49189
24.1539 1.48221
24.2119 1.47099
24.2698 1.45827
24.3277 1.4441
24.3855 1.42854
24.4432 1.41162
24.5009 1.39343
24.5585 1.37402
24.6159 1.35347
24.6733 1.33185
24.7306 1.30924
24.7878 1.28571
24.8449 1.26135
24.9018 1.23625
24.9586 1.2105
25.0153 1.18417
25.0718 1.15736
25.1282 1.13016
25.1845 1.10267
25.2406 1.07496
25.2965 1.04713
25.3523 1.01927
25.4079 0.991465
25.4633 0.9638
25.5186 0.93636
25.5737 0.909226
25.6286 0.882478
25.6834 0.856193
25.7379 0.830444
25.7923 0.805303
25.8465 0.780837
25.9005 0.757112
25.9544 0.734188
26.008 0.712123
26.0615 0.690971
26.1148 0.670783
26.1679 0.651605
26.2209 0.633479
26.2736 0.616446
26.3262 0.60054
26.3787 0.585794
26.4309 0.572234
26.4831 0.559887
26.5351 0.548773
26.5869 0.538909
26.6387 0.530313
26.6903 0.522994
26.7418 0.516965
26.7933 0.51223
26.8447 0.508798
26.896 0.50667
26.9473 0.505849
26.9986 0.506335
27.0499 0.508127
27.1012 0.511222
27.1526 0.515617
27.2041 0.521306
27.2556 0.528281
27.3072 0.536532
27.359 0.546047
27.4108 0.556812
27.4628 0.568808
27.515 0.582017
27.5672 0.596412
27.6197 0.611969
27.6723 0.628655
27.725 0.646437
27.778 0.665277
27.8311 0.685134
27.8844 0.705961
27.9378 0.72771
27.9915 0.750329
28.0453 0.773761
28.0993 0.797947
28.1535 0.822823
28.2078 0.848324
28.2623 0.874379
28.3171 0.900916
28.3719 0.927861
28.427 0.955134
28.4822 0.982657
28.5376 1.01035
28.5932 1.03812
28.6489 1.06589
28.7048 1.09356
28.7608 1.12106
28.817 1.14829
28.8733 1.17517
28.9298 1.2016
28.9865 1.2275
29.0432 1.25277
29.1001 1.27733
29.1571 1.3011
29.2142 1.324
29.2715 1.34593
29.3288 1.36683
29.3862 1.38661
29.4438 1.40522
29.5014 1.42257
29.5591 1.43861
29.6168 1.45328
29.6747 1.46651
29.7326 1.47827
29.7905 1.48851
29.8485 1.4972
29.9065 1.50428
29.9646 1.50976
30.0226 1.51359
30.0807 1.51576
30.1388 1.51628
30.1969 1.51513
30.255 1.51232
30.3131 1.50786
30.3712 1.50176
30.4292 1.49405
30.4873 1.48476
30.5452 1.47392
30.6032 1.46157
30.661 1.44775
30.7189 1.43252
30.7766 1.41594
30.8343 1.39806
30.8919 1.37895
30.9494 1.35867
31.0068 1.33731
31.0641 1.31493
31.1213 1.29162
31.1784 1.26747
31.2354 1.24254
31.2923 1.21694
31.349 1.19074
31.4055 1.16405
31.462 1.13694
31.5183 1.10951
31.5744 1.08184
31.6304 1.05404
31.6862 1.02618
31.7418 0.998349
31.7973 0.970641
31.8526 0.943138
31.9078 0.915921
31.9627 0.88907
32.0175 0.862662
32.0721 0.836774
32.1266 0.811475
32.1808 0.786836
32.2349 0.762921
32.2887 0.739793
32.3424 0.71751
32.396 0.696127
32.4493 0.675696
32.5025 0.656263
32.5554 0.637873
32.6083 0.620565
32.6609 0.604377
32.7134 0.58934
32.7657 0.575484
32.8179 0.562834
32.8699 0.551412
32.9218 0.541237
32.9736 0.532325
33.0252 0.524689
33.0768 0.518339
33.1282 0.513283
33.1796 0.509527
33.231 0.507076
33.2823 0.50593
33.3336 0.506092
33.3849 0.507561
33.4362 0.510333
33.4876 0.514407
33.539 0.519775
33.5905 0.526432
33.6421 0.534368
33.6938 0.543571
33.7457 0.554027
33.7976 0.56572
33.8497 0.57863
33.902 0.592734
33.9544 0.608005
34.0069 0.624415
34.0597 0.641929
34.1125 0.66051
34.1656 0.680118
34.2189 0.700709
34.2723 0.722235
34.3259 0.744643
34.3796 0.767879
34.4336 0.791884
34.4877 0.816595
34.542 0.841947
34.5965 0.867871
34.6512 0.894296
34.706 0.921147
34.761 0.948346
34.8162 0.975815
34.8716 1.00347
34.9271 1.03123
34.9828 1.05901
35.0386 1.08671
35.0946 1.11427
35.1508 1.14157
35.2071 1.16855
35.2635 1.19509
35.3201 1.22113
35.3768 1.24657
35.4337 1.27131
35.4907 1.29529
35.5478 1.31841
35.605 1.34059
35.6623 1.36175
35.7197 1.38182
35.7772 1.40072
35.8348 1.41839
35.8925 1.43476
35.9502 1.44977
36.008 1.46337
36.0659 1.4755
36.1238 1.48612
36.1818 1.49519
36.2398 1.50268
36.2979 1.50855
36.3559 1.51279
36.414 1.51538
36.4721 1.51631
36.5302 1.51557
36.5883 1.51317
36.6464 1.50911
36.7045 1.50342
36.7626 1.49611
36.8206 1.48721
36.8786 1.47675
36.9365 1.46477
36.9944 1.45131
37.0522 1.43643
37.11 1.42017
37.1677 1.40261
37.2253 1.38379
37.2829 1.3638
37.3403 1.3427
37.3976 1.32057
37.4549 1.29749
37.512 1.27353
37.569 1.24879
37.6259 1.22335
37.6826 1.19729
37.7392 1.17071
37.7957 1.14369
37.852 1.11633
37.9082 1.08872
37.9642 1.06094
38.0201 1.03308
38.0758 1.00524
38.1313 0.977495
38.1866 0.949933
38.2418 0.922637
38.2968 0.895688
38.3517 0.869164
38.4063 0.84314
38.4608 0.817689
38.5151 0.79288
38.5692 0.76878
38.6231 0.745451
38.6769 0.722953
38.7304 0.701342
38.7838 0.68067
38.837 0.660985
38.89 0.642333
38.9429 0.624753
38.9956 0.608284
39.0481 0.592959
39.1005 0.578808
39.1527 0.565857
39.2047 0.554128
39.2566 0.543643
39.3084 0.534416
39.3601 0.526463
39.4117 0.519793
39.4632 0.514416
39.5146 0.510337
39.566 0.507562
39.6173 0.506092
39.6686 0.50593
39.7199 0.507075
39.7712 0.509525
39.8226 0.513276
39.874 0.518324
39.9255 0.524662
39.977 0.532282
40.0287 0.541172
40.0805 0.551319
40.1324 0.562707
40.1845 0.575317
40.2367 0.589127
40.2891 0.604112
40.3416 0.620242
40.3943 0.637485
40.4471 0.655806
40.5001 0.675163
40.5533 0.695515
40.6067 0.716814
40.6603 0.739008
40.714 0.762044
40.7679 0.785864
40.822 0.810406
40.8763 0.835605
40.9307 0.861394
40.9853 0.887702
41.0401 0.914454
41.0951 0.941574
41.1502 0.968984
41.2055 0.996601
41.261 1.02434
41.3167 1.05212
41.3725 1.07986
41.4284 1.10746
41.4845 1.13483
41.5408 1.16189
41.5972 1.18856
41.6538 1.21473
41.7105 1.24032
41.7673 1.26525
41.8242 1.28942
41.8813 1.31276
41.9385 1.33518
41.9958 1.3566
42.0532 1.37695
42.1106 1.39615
42.1682 1.41413
42.2259 1.43083
42.2836 1.44618
42.3414 1.46013
42.3993 1.47263
42.4572 1.48363
42.5151 1.49309
42.5731 1.50097
42.6312 1.50725
42.6892 1.51189
42.7473 1.51489
42.8054 1.51623
42.8635 1.51591
42.9216 1.51392
42.9797 1.51027
43.0378 1.50498
43.0959 1.49807
43.1539 1.48956
43.2119 1.47948
43.2699 1.46788
43.3278 1.45478
43.3856 1.44025
43.4434 1.42433
43.5011 1.40708
43.5588 1.38857
43.6163 1.36887
43.6738 1.34803
43.7311 1.32615
43.7884 1.30329
43.8456 1.27955
43.9026 1.25499
43.9595 1.22971
44.0163 1.2038
44.0729 1.17734
44.1294 1.15043
44.1858 1.12314
44.242 1.09558
44.2981 1.06784
44.3539 1.03999
44.4097 1.01214
44.4652 0.98436
44.5206 0.956745
44.5759 0.929376
44.6309 0.902333
44.6858 0.875696
44.7405 0.849542
44.795 0.823942
44.8493 0.798967
44.9035 0.774685
44.9575 0.75116
45.0113 0.72845
45.0649 0.706614
45.1183 0.685705
45.1715 0.665771
45.2246 0.646859
45.2775 0.62901
45.3302 0.612262
45.3828 0.59665
45.4352 0.582206
45.4874 0.568954
45.5395 0.556921
45.5915 0.546126
45.6433 0.536586
45.695 0.528315
45.7466 0.521326
45.7981 0.515628
45.8496 0.511227
45.9009 0.508128
45.9523 0.506335
46.0036 0.505849
46.0549 0.506669
46.1062 0.508796
46.1575 0.512225
46.2089 0.516952
46.2604 0.522971
46.312 0.530274
46.3636 0.53885
46.4154 0.548687
46.4673 0.559769
46.5193 0.572078
46.5715 0.585593
46.6238 0.600289
46.6763 0.616138
46.7289 0.633108
46.7817 0.651165
46.8347 0.67027
46.8878 0.690379
46.9412 0.711448
46.9947 0.733425
47.0484 0.756258
47.1022 0.779889
47.1563 0.804257
47.2105 0.8293
47.2649 0.854949
47.3195 0.881135
47.3742 0.907784
47.4291 0.93482
47.4842 0.962165
47.5395 0.989739
47.595 1.01746
47.6506 1.04524
47.7063 1.07299
47.7622 1.10063
47.8183 1.12807
47.8745 1.15522
47.9309 1.18199
47.9874 1.20829
48.0441 1.23403
48.1009 1.25913
48.1578 1.2835
48.2148 1.30705
48.272 1.32971
48.3293 1.35139
48.3866 1.37201
48.4441 1.3915
48.5016 1.40979
48.5593 1.42681
48.617 1.4425
48.6748 1.45681
48.7326 1.46967
48.7905 1.48104
48.8485 1.49089
48.9065 1.49916
48.9645 1.50584
49.0225 1.51089
49.0806 1.5143
49.1387 1.51605
49.1968 1.51614
49.2549 1.51457
49.313 1.51133
49.3711 1.50645
49.4292 1.49994
49.4872 1.49182
49.5452 1.48213
49.6032 1.47089
49.6611 1.45816
49.719 1.44398
49.7768 1.4284
49.8345 1.41148
49.8922 1.39328
49.9498 1.37386
50.0072 1.3533
50.0646 1.33167
50.1219 1.30905
50.1791 1.28551
50.2362 1.26115
50.2931 1.23604
50.3499 1.21028
50.4066 1.18395
50.4631 1.15714
50.5195 1.12994
50.5758 1.10244
50.6319 1.07473
50.6878 1.0469
50.7436 1.01904
50.7992 0.991235
50.8546 0.963572
50.9099 0.936134
50.965 0.909003
51.0199 0.882259
51.0746 0.855977
51.1292 0.830233
51.1836 0.805097
51.2378 0.780637
51.2918 0.756918
51.3456 0.734001
51.3993 0.711944
51.4528 0.6908
51.5061 0.67062
51.5592 0.65145
51.6121 0.633334
51.6649 0.61631
51.7175 0.600413
51.7699 0.585677
51.8222 0.572127
51.8743 0.55979
51.9263 0.548686
51.9782 0.538833
52.0299 0.530247
52.0815 0.522939
52.1331 0.51692
52.1845 0.512197
52.2359 0.508775
52.2872 0.506658
52.3386 0.505847
52.3899 0.506344
52.4412 0.508147
52.4925 0.511253
52.5439 0.515659
52.5953 0.521358
52.6469 0.528344
52.6985 0.536605
52.7502 0.546131
52.8021 0.556906
52.8541 0.568913
52.9062 0.582131
52.9585 0.596536
53.0109 0.612102
53.0635 0.628798
53.1163 0.646589
53.1692 0.665438
53.2224 0.685302
53.2756 0.706137
53.3291 0.727894
53.3827 0.75052
53.4366 0.773959
53.4906 0.79815
53.5447 0.823032
53.5991 0.848537
53.6536 0.874597
53.7083 0.901138
53.7632 0.928085
53.8183 0.955361
53.8735 0.982886
53.9289 1.01058
53.9845 1.03835
54.0402 1.06612
54.0961 1.09379
54.1521 1.12129
54.2083 1.14852
54.2646 1.17539
54.3211 1.20182
54.3777 1.22771
54.4345 1.25297
54.4914 1.27753
54.5484 1.3013
54.6055 1.32418
54.6628 1.34611
54.7201 1.367
54.7775 1.38677
54.8351 1.40537
54.8927 1.42271
54.9504 1.43874
55.0081 1.45339
55.066 1.46662
55.1239 1.47837
55.1818 1.48859
55.2398 1.49726
55.2978 1.50434
55.3559 1.50979
55.4139 1.51361
55.472 1.51578
55.5301 1.51628
55.5882 1.51511
55.6463 1.51229
55.7044 1.50781
55.7625 1.5017
55.8205 1.49398
55.8786 1.48467
55.9365 1.47382
55.9945 1.46146
56.0524 1.44763
56.1102 1.43239
56.1679 1.4158
56.2256 1.3979
56.2832 1.37878
56.3407 1.3585
56.3981 1.33713
56.4554 1.31474
56.5126 1.29143
56.5697 1.26726
56.6267 1.24233
56.6836 1.21672
56.7403 1.19052
56.7968 1.16382
56.8533 1.13671
56.9096 1.10928
56.9657 1.08161
57.0217 1.05381
57.0775 1.02595
57.1331 0.998119
57.1886 0.970413
57.2439 0.942911
57.2991 0.915697
57.354 0.888849
57.4088 0.862446
57.4634 0.836562
57.5178 0.811269
57.5721 0.786635
57.6261 0.762727
57.68 0.739605
57.7337 0.717329
57.7872 0.695954
57.8406 0.675531
57.8937 0.656106
57.9467 0.637725
57.9995 0.620427
58.0522 0.604248
58.1046 0.589221
58.157 0.575374
58.2091 0.562734
58.2612 0.551323
58.313 0.541158
58.3648 0.532257
58.4165 0.524631
58.468 0.518292
58.5195 0.513247
58.5709 0.509502
58.6222 0.507061
58.6735 0.505926
58.7248 0.506099
58.7761 0.507578
58.8275 0.510362
58.8788 0.514446
58.9303 0.519825
58.9818 0.526493
59.0334 0.534439
59.0851 0.543652
59.1369 0.554119
59.1889 0.565822
59.241 0.578742
59.2932 0.592856
59.3456 0.608137
59.3982 0.624555
59.4509 0.642078
59.5038 0.660668
59.5569 0.680285
59.6101 0.700884
59.6635 0.722417
59.7171 0.744832
59.7709 0.768075
59.8249 0.792086
59.879 0.816802
59.9333 0.842159
59.9878 0.868088
60.0425 0.894517
60.0973 0.921371
60.1523 0.948572
60.2075 0.976043
60.2629 1.0037
60.3184 1.03146
60.3741 1.05924
60.4299 1.08694
60.4859 1.11449
60.5421 1.1418
60.5984 1.16877
60.6548 1.19531
60.7114 1.22134
60.7681 1.24677
60.825 1.27151
60.882 1.29548
60.9391 1.31859
60.9963 1.34076
61.0536 1.36192
61.111 1.38198
61.1685 1.40087
61.2261 1.41853
61.2838 1.43489
61.3415 1.44989
61.3993 1.46347
61.4572 1.47559
61.5151 1.4862
61.5731 1.49526
61.6311 1.50273
61.6892 1.50859
61.7472 1.51282
61.8053 1.51539
61.8634 1.51631
61.9215 1.51556
61.9796 1.51314
62.0377 1.50907
62.0958 1.50337
62.1539 1.49604
62.2119 1.48713
62.2699 1.47665
62.3278 1.46466
62.3857 1.45119
62.4436 1.4363
62.5013 1.42003
62.559 1.40246
62.6166 1.38363
62.6742 1.36363
62.7316 1.34252
62.7889 1.32038
62.8462 1.29729
62.9033 1.27333
62.9603 1.24858
63.0172 1.22313
63.0739 1.19707
63.1305 1.17049
63.187 1.14347
63.2433 1.11611
63.2995 1.08849
63.3555 1.06071
63.4114 1.03285
63.4671 1.00501
63.5226 0.977266
63.5779 0.949706
63.6331 0.922413
63.6881 0.895467
63.7429 0.868946
63.7976 0.842927
63.8521 0.817481
63.9063 0.792677
63.9605 0.768583
64.0144 0.745261
64.0681 0.72277
64.1217 0.701167
64.1751 0.680503
64.2283 0.660827
64.2813 0.642183
64.3342 0.624612
64.3868 0.608153
64.4394 0.592837
64.4917 0.578696
64.5439 0.565754
64.596 0.554036
64.6479 0.543561
64.6997 0.534345
64.7514 0.526402
64.8029 0.519743
64.8544 0.514376
64.9058 0.510309
64.9572 0.507544
65.0085 0.506086
65.0598 0.505934
65.1111 0.50709
65.1625 0.50955
65.2138 0.513312
65.2652 0.518371
65.3167 0.52472
65.3683 0.53235
65.42 0.54125
65.4718 0.551408
65.5237 0.562806
65.5758 0.575427
65.628 0.589246
65.6803 0.604241
65.7329 0.62038
65.7855 0.637633
65.8384 0.655962
65.8914 0.675328
65.9446 0.695688
65.998 0.716994
66.0515 0.739195
66.1053 0.762238
66.1592 0.786064
66.2133 0.810612
66.2675 0.835817
66.322 0.86161
66.3766 0.887922
66.4314 0.914677
66.4864 0.9418
66.5415 0.969211
66.5968 0.99683
66.6523 1.02457
66.7079 1.05235
66.7638 1.08009
66.8197 1.10768
66.8758 1.13506
66.9321 1.16212
66.9885 1.18877
67.0451 1.21494
67.1018 1.24053
67.1586 1.26545
67.2155 1.28962
67.2726 1.31295
67.3298 1.33536
67.3871 1.35677
67.4445 1.37711
67.5019 1.3963
67.5595 1.41427
67.6172 1.43096
67.6749 1.4463
67.7327 1.46024
67.7906 1.47273
67.8485 1.48371
67.9064 1.49316
67.9644 1.50103
68.0225 1.50729
68.0805 1.51192
68.1386 1.51491
68.1967 1.51624
68.2548 1.5159
68.3129 1.5139
68.371 1.51024
68.4291 1.50493
68.4872 1.49801
68.5452 1.48948
68.6032 1.47939
68.6612 1.46777
68.7191 1.45467
68.7769 1.44012
68.8347 1.42419
68.8924 1.40693
68.9501 1.38841
69.0076 1.3687
69.0651 1.34786
69.1224 1.32596
69.1797 1.3031
69.2369 1.27935
69.2939 1.25478
69.3508 1.2295
69.4076 1.20358
69.4642 1.17712
69.5207 1.1502
69.5771 1.12292
69.6333 1.09535
69.6893 1.06761
69.7452 1.03976
69.801 1.01191
69.8565 0.984131
69.9119 0.956517
69.9671 0.92915
70.0222 0.902111
70.0771 0.875478
70.1318 0.849327
70.1863 0.823732
70.2406 0.798763
70.2948 0.774487
70.3487 0.750968
70.4025 0.728266
70.4561 0.706438
70.5096 0.685536
70.5628 0.66561
70.6159 0.646707
70.6688 0.628866
70.7215 0.612128
70.7741 0.596526
70.8265 0.582091
70.8787 0.56885
70.9308 0.556827
70.9827 0.546042
71.0346 0.536512
71.0863 0.528252
71.1379 0.521274
71.1894 0.515586
71.2408 0.511196
71.2922 0.508108
71.3435 0.506325
71.3948 0.50585
71.4461 0.506682
71.4974 0.508819
71.5488 0.512258
71.6002 0.516996
71.6517 0.523026
71.7032 0.530339
71.7549 0.538926
71.8066 0.548773
71.8585 0.559866
71.9105 0.572185
71.9627 0.58571
72.015 0.600415
72.0675 0.616274
72.1202 0.633253
72.173 0.651319
72.226 0.670432
72.2791 0.69055
72.3324 0.711626
72.386 0.73361
72.4396 0.75645
72.4935 0.780087
72.5475 0.804462
72.6018 0.82951
72.6562 0.855164
72.7107 0.881354
72.7655 0.908006
72.8204 0.935046
72.8755 0.962393
72.9308 0.989968
72.9862 1.01769
73.0418 1.04547
73.0976 1.07322
73.1535 1.10086
73.2096 1.1283
73.2658 1.15544
73.3222 1.18221
73.3787 1.2085
73.4354 1.23424
73.4922 1.25934
73.5491 1.2837
73.6061 1.30725
73.6633 1.32989
73.7206 1.35156
73.7779 1.37217
73.8354 1.39165
73.8929 1.40993
73.9506 1.42694
74.0083 1.44262
74.0661 1.45692
74.1239 1.46977
74.1818 1.48113
74.2398 1.49096
74.2978 1.49923
74.3558 1.50589
74.4139 1.51093
74.4719 1.51432
74.53 1.51606
74.5881 1.51614
74.6462 1.51455
74.7043 1.5113
74.7624 1.5064
74.8205 1.49988
74.8785 1.49174
74.9365 1.48204
74.9945 1.47079
75.0524 1.45805
75.1103 1.44386
75.1681 1.42827
75.2258 1.41133
75.2835 1.39312
75.3411 1.37369
75.3986 1.35312
75.4559 1.33149
75.5132 1.30886
75.5704 1.28531
75.6275 1.26095
75.6844 1.23583
75.7412 1.21006
75.7979 1.18373
75.8544 1.15691
75.9108 1.12971
75.9671 1.10221
76.0232 1.0745
76.0791 1.04667
76.1349 1.01881
76.1905 0.991006
76.2459 0.963344
76.3012 0.935908
76.3563 0.90878
76.4112 0.882039
76.4659 0.855762
76.5205 0.830022
76.5749 0.804892
76.6291 0.780438
76.6831 0.756725
76.7369 0.733815
76.7906 0.711765
76.844 0.690629
76.8973 0.670457
76.9504 0.651296
77.0034 0.633188
77.0562 0.616173
77.1088 0.600287
77.1612 0.585559
77.2135 0.57202
77.2656 0.559693
77.3176 0.548599
77.3694 0.538757
77.4212 0.530181
77.4728 0.522884
77.5243 0.516876
77.5758 0.512163
77.6272 0.508752
77.6785 0.506646
77.7298 0.505846
77.7811 0.506354
77.8324 0.508167
77.8838 0.511284
77.9351 0.515701
77.9866 0.521411
78.0381 0.528407
78.0898 0.536679
78.1415 0.546215
78.1934 0.557
78.2453 0.569017
78.2975 0.582245
78.3498 0.596661
78.4022 0.612236
78.4548 0.628941
78.5076 0.646741
78.5605 0.665598
78.6136 0.685471
78.6669 0.706314
78.7204 0.728078
78.774 0.750711
78.8278 0.774156
78.8818 0.798353
78.936 0.823241
78.9904 0.848751
79.0449 0.874815
79.0996 0.901359
79.1545 0.92831
79.2096 0.955588
79.2648 0.983114
79.3202 1.01081
79.3757 1.03858
79.4315 1.06635
79.4874 1.09402
79.5434 1.12152
79.5996 1.14874
79.6559 1.17561
79.7124 1.20203
79.769 1.22792
79.8258 1.25318
79.8827 1.27773
79.9397 1.30149
79.9968 1.32437
80.0541 1.34628
80.1114 1.36716
80.1688 1.38693
80.2264 1.40552
80.284 1.42285
80.3417 1.43886
80.3994 1.45351
80.4573 1.46672
80.5152 1.47846
80.5731 1.48867
80.6311 1.49733
80.6891 1.50439
80.7472 1.50983
80.8052 1.51364
80.8633 1.51579
80.9214 1.51627
80.9795 1.5151
81.0376 1.51226
81.0957 1.50777
81.1538 1.50164
81.2119 1.49391
81.2699 1.48459
81.3279 1.47372
81.3858 1.46135
81.4437 1.44751
81.5015 1.43226
81.5592 1.41565
81.6169 1.39775
81.6745 1.37862
81.732 1.35833
81.7894 1.33695
81.8467 1.31455
81.9039 1.29123
81.961 1.26706
82.018 1.24212
82.0749 1.21651
82.1316 1.19031
82.1881 1.1636
82.2446 1.13649
82.3009 1.10905
82.357 1.08138
82.413 1.05358
82.4688 1.02571
82.5244 0.997889
82.5799 0.970184
82.6352 0.942685
82.6903 0.915473
82.7453 0.888629
82.8001 0.862229
82.8547 0.83635
82.9091 0.811062
82.9633 0.786434
83.0174 0.762532
83.0713 0.739417
83.125 0.717149
83.1785 0.695781
83.2318 0.675366
83.285 0.65595
83.338 0.637577
83.3908 0.620288
83.4434 0.604119
83.4959 0.589101
83.5482 0.575265
83.6004 0.562635
83.6524 0.551233
83.7043 0.541079
83.7561 0.532188
83.8077 0.524573
83.8593 0.518245
83.9107 0.51321
83.9621 0.509476
84.0135 0.507046
84.0648 0.505922
84.1161 0.506106
84.1674 0.507596
84.2187 0.51039
84.2701 0.514485
84.3215 0.519875
84.373 0.526553
84.4246 0.53451
84.4764 0.543734
84.5282 0.554211
84.5801 0.565924
84.6322 0.578854
84.6845 0.592977
84.7369 0.608268
84.7895 0.624696
84.8422 0.642228
84.8951 0.660826
84.9481 0.680451
85.0014 0.701058
85.0548 0.722599
85.1084 0.745021
85.1622 0.76827
85.2161 0.792287
85.2703 0.81701
85.3246 0.842372
85.3791 0.868305
85.4337 0.894737
85.4886 0.921594
85.5436 0.948799
85.5988 0.976271
85.6541 1.00393
85.7097 1.03169
85.7653 1.05947
85.8212 1.08717
85.8772 1.11472
85.9334 1.14202
85.9897 1.16899
86.0461 1.19553
86.1027 1.22156
86.1594 1.24698
86.2163 1.27172
86.2733 1.29568
86.3304 1.31878
86.3876 1.34094
86.4449 1.36209
86.5023 1.38214
86.5598 1.40102
86.6174 1.41867
86.6751 1.43502
86.7328 1.45001
86.7906 1.46358
86.8485 1.47569
86.9064 1.48628
86.9644 1.49533
87.0224 1.50279
87.0805 1.50864
87.1386 1.51285
87.1966 1.51541
87.2547 1.51631
87.3128 1.51554
87.3709 1.51312
87.429 1.50903
87.4871 1.50331
87.5452 1.49598
87.6032 1.48705
87.6612 1.47656
87.7191 1.46455
87.777 1.45107
87.8349 1.43617
87.8926 1.41989
87.9503 1.40231
88.0079 1.38347
88.0655 1.36346
88.1229 1.34234
88.1802 1.3202
88.2375 1.2971
88.2946 1.27313
88.3516 1.24837
88.4085 1.22292
88.4652 1.19685
88.5218 1.17026
88.5783 1.14324
88.6346 1.11588
88.6908 1.08826
88.7468 1.06048
88.8027 1.03262
88.8583 1.00478
88.9139 0.977037
88.9692 0.949479
89.0244 0.922188
89.0794 0.895246
89.1342 0.868729
89.1889 0.842714
89.2433 0.817273
89.2976 0.792475
89.3517 0.768387
89.4057 0.745072
89.4594 0.722588
89.513 0.700992
89.5663 0.680336
89.6195 0.660668
89.6726 0.642033
89.7254 0.624472
89.7781 0.608021
89.8306 0.592715
89.883 0.578584
89.9352 0.565652
89.9872 0.553945
90.0392 0.54348
90.091 0.534274
90.1426 0.526342
90.1942 0.519693
90.2457 0.514337
90.2971 0.51028
90.3485 0.507527
90.3998 0.506079
90.4511 0.505939
90.5024 0.507105
90.5537 0.509576
90.6051 0.513349
90.6565 0.518418
90.708 0.524778
90.7596 0.532418
90.8112 0.541329
90.863 0.551497
90.915 0.562906
90.967 0.575536
91.0192 0.589366
91.0716 0.60437
91.1241 0.620518
91.1768 0.63778
91.2297 0.656118
91.2827 0.675492
91.3359 0.69586
91.3893 0.717174
91.4428 0.739383
91.4965 0.762432
91.5505 0.786265
91.6045 0.810818
91.6588 0.836028
91.7133 0.861826
91.7679 0.888141
91.8227 0.9149
91.8776 0.942026
91.9328 0.969439
91.9881 0.997059
92.0436 1.0248
92.0992 1.05258
92.155 1.08031
92.211 1.10791
92.2671 1.13528
92.3234 1.16234
92.3798 1.18899
92.4364 1.21516
92.4931 1.24074
92.5499 1.26565
92.6068 1.28981
92.6639 1.31314
92.7211 1.33554
92.7784 1.35695
92.8358 1.37727
92.8932 1.39645
92.9508 1.41441
93.0085 1.43109
93.0662 1.44642
93.124 1.46035
93.1819 1.47282
93.2398 1.4838
93.2978 1.49323
93.3558 1.50109
93.4138 1.50734
93.4719 1.51196
93.5299 1.51493
93.588 1.51624
93.6461 1.51589
93.7043 1.51387
93.7623 1.5102
93.8204 1.50488
93.8785 1.49794
93.9365 1.48941
93.9945 1.4793
94.0525 1.46767
94.1104 1.45455
94.1682 1.43999
94.226 1.42405
94.2837 1.40679
94.3414 1.38826
94.3989 1.36853
94.4564 1.34768
94.5138 1.32578
94.571 1.30291
94.6282 1.27915
94.6852 1.25458
94.7421 1.22929
94.7989 1.20337
94.8555 1.1769
94.912 1.14998
94.9684 1.12269
95.0246 1.09513
95.0806 1.06738
95.1365 1.03953
95.1923 1.01168
95.2478 0.983901
95.3032 0.95629
95.3584 0.928925
95.4135 0.901889
95.4684 0.875259
95.523 0.849113
95.5776 0.823523
95.6319 0.798559
95.686 0.77429
95.74 0.750777
95.7938 0.728082
95.8474 0.706261
95.9008 0.685367
95.9541 0.66545
96.0071 0.646554
96.06 0.628723
96.1128 0.611994
96.1653 0.596402
96.2177 0.581976
96.27 0.568745
96.3221 0.556732
96.374 0.545957
96.4258 0.536438
96.4775 0.528189
96.5291 0.521221
96.5806 0.515544
96.6321 0.511165
96.6834 0.508088
96.7348 0.506316
96.7861 0.505852
96.8374 0.506694
96.8887 0.508842
96.94 0.512292
96.9914 0.517041
97.0429 0.523081
97.0945 0.530405
97.1461 0.539002
97.1979 0.54886
97.2498 0.559963
97.3018 0.572292
97.354 0.585826
97.4063 0.600542
97.4588 0.61641
97.5114 0.633398
97.5642 0.651473
97.6172 0.670594
97.6704 0.69072
97.7237 0.711804
97.7772 0.733796
97.8309 0.756642
97.8848 0.780286
97.9388 0.804667
97.993 0.82972
98.0474 0.855379
98.102 0.881573
98.1568 0.908229
98.2117 0.935271
98.2668 0.96262
98.3221 0.990197
98.3775 1.01792
98.4331 1.0457
98.4889 1.07345
98.5448 1.10109
98.6009 1.12852
98.6571 1.15566
98.7135 1.18243
98.77 1.20872
98.8267 1.23445
98.8835 1.25954
98.9404 1.2839
98.9974 1.30744
99.0546 1.33008
99.1119 1.35174
99.1692 1.37234
99.2267 1.39181
99.2842 1.41008
99.3419 1.42708
99.3996 1.44275
99.4574 1.45703
99.5152 1.46987
99.5731 1.48122
99.6311 1.49104
99.6891 1.49929
99.7471 1.50594
99.8052 1.51096
99.8632 1.51435
99.9213 1.51607
99.9794 1.51613
100.038 1.51453
100.096 1.51126
100.154 1.50635
100.212 1.49981
100.27 1.49167
100.328 1.48195
100.386 1.47069
100.444 1.45794
100.502 1.44373
100.559 1.42813
100.617 1.41119
100.675 1.39296
100.732 1.37353
100.79 1.35295
100.847 1.3313
100.905 1.30866
100.962 1.28512
101.019 1.26074
101.076 1.23562
101.133 1.20985
101.189 1.18351
101.246 1.15669
101.302 1.12948
101.358 1.10198
101.414 1.07427
101.47 1.04644
101.526 1.01858
101.582 0.990776
101.637 0.963116
101.692 0.935682
101.748 0.908557
101.802 0.881819
101.857 0.855546
101.912 0.829812
101.966 0.804687
102.02 0.780239
102.074 0.756532
102.128 0.733629
102.182 0.711586
102.235 0.690458
102.289 0.670294
102.342 0.651141
102.395 0.633043
102.447 0.616037
102.5 0.60016
102.552 0.585442
102.605 0.571913
102.657 0.559596
102.709 0.548512
102.761 0.538681
102.812 0.530115
102.864 0.522829
102.916 0.516831
102.967 0.512129
103.018 0.508729
103.07 0.506634
103.121 0.505845
103.172 0.506363
103.224 0.508188
103.275 0.511316
103.326 0.515743
103.378 0.521464
103.429 0.52847
103.481 0.536753
103.533 0.546299
103.585 0.557095
103.637 0.569122
103.689 0.58236
103.741 0.596785
103.793 0.61237
103.846 0.629084
103.899 0.646893
103.952 0.665758
104.005 0.685639
104.058 0.70649
104.112 0.728262
104.165 0.750901
104.219 0.774353
104.273 0.798557
104.327 0.823449
104.382 0.848964
104.436 0.875032
104.491 0.901581
104.546 0.928534
104.601 0.955815
104.656 0.983343
104.711 1.01104
104.767 1.03881
104.823 1.06657
104.879 1.09425
104.935 1.12174
104.991 1.14897
105.047 1.17583
105.104 1.20225
105.16 1.22813
105.217 1.25339
105.274 1.27793
105.331 1.30168
105.388 1.32455
105.445 1.34646
105.503 1.36733
105.56 1.38709
105.618 1.40566
105.675 1.42299
105.733 1.43899
105.791 1.45362
105.849 1.46682
105.906 1.47855
105.964 1.48875
106.022 1.49739
106.08 1.50444
106.138 1.50987
106.197 1.51366
106.255 1.5158
106.313 1.51627
106.371 1.51508
106.429 1.51223
106.487 1.50772
106.545 1.50159
106.603 1.49384
106.661 1.48451
106.719 1.47363
106.777 1.46124
106.835 1.44739
106.893 1.43213
106.951 1.41551
107.008 1.3976
107.066 1.37846
107.123 1.35815
107.181 1.33676
107.238 1.31436
107.295 1.29103
107.352 1.26686
107.409 1.24191
107.466 1.21629
107.523 1.19009
107.579 1.16338
107.636 1.13626
107.692 1.10882
107.748 1.08115
107.804 1.05334
107.86 1.02548
107.916 0.997659
107.971 0.969956
108.026 0.942458
108.082 0.915249
108.137 0.888408
108.191 0.862013
108.246 0.836138
108.3 0.810855
108.355 0.786233
108.409 0.762337
108.463 0.739229
108.516 0.716968
108.57 0.695608
108.623 0.675201
108.676 0.655793
108.729 0.63743
108.782 0.62015
108.835 0.603989
108.887 0.588982
108.939 0.575155
108.992 0.562535
109.044 0.551144
109.096 0.541001
109.147 0.53212
109.199 0.524516
109.251 0.518198
109.302 0.513174
109.353 0.509451
109.405 0.507031
109.456 0.505919
109.507 0.506113
109.559 0.507614
109.61 0.510419
109.661 0.514524
109.713 0.519925
109.764 0.526614
109.816 0.534581
109.868 0.543815
109.919 0.554303
109.971 0.566026
110.024 0.578966
110.076 0.593099
110.128 0.608399
110.181 0.624836
110.233 0.642377
110.286 0.660985
110.339 0.680618
110.393 0.701233
110.446 0.722781
110.5 0.74521
110.553 0.768466
110.607 0.792489
110.662 0.817217
110.716 0.842584
110.77 0.868522
110.825 0.894958
110.88 0.921818
110.935 0.949025
110.99 0.976499
111.045 1.00416
111.101 1.03192
111.157 1.0597
111.212 1.0874
111.268 1.11495
111.325 1.14225
111.381 1.16921
111.437 1.19575
111.494 1.22177
111.551 1.24719
111.608 1.27192
111.665 1.29587
111.722 1.31897
111.779 1.34112
111.836 1.36226
111.894 1.3823
111.951 1.40117
112.009 1.41881
112.066 1.43515
112.124 1.45013
112.182 1.46369
112.24 1.47578
112.298 1.48636
112.356 1.4954
112.414 1.50284
112.472 1.50868
112.53 1.51288
112.588 1.51542
112.646 1.51631
112.704 1.51553
112.762 1.51309
112.82 1.50899
112.878 1.50326
112.936 1.49591
112.995 1.48697
113.052 1.47647
113.11 1.46445
113.168 1.45096
113.226 1.43604
113.284 1.41975
113.342 1.40216
113.399 1.38331
113.457 1.36329
113.514 1.34216
113.572 1.32001
113.629 1.2969
113.686 1.27293
113.743 1.24816
113.8 1.22271
113.857 1.19663
113.913 1.17004
113.97 1.14302
114.026 1.11565
114.082 1.08803
114.138 1.06025
114.194 1.03239
114.25 1.00455
114.305 0.976808
114.36 0.949252
114.416 0.921964
114.471 0.895024
114.526 0.868511
114.58 0.842501
114.635 0.817065
114.689 0.792273
114.743 0.768191
114.797 0.744882
114.851 0.722405
114.904 0.700817
114.958 0.680169
115.011 0.660509
115.064 0.641883
115.117 0.624331
115.169 0.60789
115.222 0.592593
115.274 0.578472
115.326 0.56555
115.378 0.553853
115.43 0.543398
115.482 0.534203
115.534 0.526281
115.585 0.519644
115.637 0.514299
115.688 0.510252
115.74 0.507509
115.791 0.506073
115.842 0.505943
115.894 0.50712
115.945 0.509602
115.996 0.513385
116.048 0.518466
116.099 0.524836
116.151 0.532487
116.202 0.541408
116.254 0.551587
116.306 0.563005
116.358 0.575646
116.41 0.589485
116.463 0.604499
116.515 0.620657
116.568 0.637927
116.621 0.656274
116.674 0.675657
116.727 0.696033
116.781 0.717354
116.834 0.73957
116.888 0.762626
116.942 0.786465
116.996 0.811024
117.05 0.836239
117.105 0.862042
117.159 0.888361
117.214 0.915123
117.269 0.942252
117.324 0.969667
117.379 0.997288
117.435 1.02503
117.491 1.05281
117.546 1.08054
117.602 1.10814
117.658 1.13551
117.715 1.16256
117.771 1.18921
117.828 1.21537
117.884 1.24095
117.941 1.26586
117.998 1.29001
118.055 1.31333
118.112 1.33572
118.17 1.35712
118.227 1.37744
118.285 1.39661
118.342 1.41456
118.4 1.43122
118.458 1.44654
118.515 1.46046
118.573 1.47292
118.631 1.48388
118.689 1.4933
118.747 1.50115
118.805 1.50738
118.863 1.51199
118.921 1.51495
118.979 1.51624
119.037 1.51588
119.096 1.51385
119.154 1.51016
119.212 1.50483
119.27 1.49788
119.328 1.48933
119.386 1.47921
119.444 1.46757
119.502 1.45444
119.56 1.43987
119.617 1.42392
119.675 1.40664
119.733 1.3881
119.79 1.36836
119.848 1.3475
119.905 1.32559
119.962 1.30271
120.019 1.27895
120.076 1.25437
120.133 1.22908
120.19 1.20315
120.247 1.17668
120.303 1.14975
120.36 1.12246
120.416 1.0949
120.472 1.06715
120.528 1.0393
120.584 1.01145
120.639 0.983672
120.694 0.956062
120.75 0.9287
120.805 0.901667
120.86 0.875041
120.914 0.848899
120.969 0.823314
121.023 0.798356
121.077 0.774092
121.131 0.750586
121.185 0.727897
121.239 0.706084
121.292 0.685198
121.345 0.665289
121.398 0.646402
121.451 0.62858
121.504 0.611861
121.557 0.596278
121.609 0.581862
121.661 0.568641
121.713 0.556638
121.765 0.545873
121.817 0.536365
121.869 0.528126
121.92 0.521169
121.972 0.515503
122.023 0.511134
122.075 0.508068
122.126 0.506307
122.177 0.505853
122.229 0.506706
122.28 0.508865
122.331 0.512326
122.383 0.517086
122.434 0.523137
122.486 0.530471
122.537 0.539079
122.589 0.548947
122.641 0.56006
122.693 0.572399
122.745 0.585943
122.798 0.600668
122.85 0.616546
122.903 0.633544
122.956 0.651627
123.008 0.670757
123.062 0.690891
123.115 0.711982
123.168 0.733982
123.222 0.756835
123.276 0.780485
123.33 0.804871
123.384 0.82993
123.439 0.855593
123.493 0.881792
123.548 0.908451
123.603 0.935496
123.658 0.962848
123.713 0.990425
123.769 1.01815
123.824 1.04593
123.88 1.07368
123.936 1.10131
123.992 1.12875
124.048 1.15589
124.105 1.18265
124.161 1.20894
124.218 1.23466
124.275 1.25975
124.332 1.2841
124.389 1.30763
124.446 1.33026
124.503 1.35191
124.561 1.3725
124.618 1.39197
124.676 1.41022
124.733 1.42721
124.791 1.44287
124.849 1.45714
124.907 1.46997
124.964 1.48131
125.022 1.49111
125.08 1.49935
125.138 1.50599
125.196 1.511
125.255 1.51437
125.313 1.51608
125.371 1.51612
125.429 1.51451
125.487 1.51123
125.545 1.50631
125.603 1.49975
125.661 1.4916
125.719 1.48187
125.777 1.4706
125.835 1.45783
125.893 1.44361
125.951 1.428
126.008 1.41104
126.066 1.39281
126.124 1.37336
126.181 1.35277
126.239 1.33112
126.296 1.30847
126.353 1.28492
126.41 1.26054
126.467 1.23541
126.524 1.20963
126.58 1.18329
126.637 1.15647
126.693 1.12926
126.75 1.10175
126.806 1.07404
126.862 1.04621
126.917 1.01835
126.973 0.990546
127.028 0.962888
127.084 0.935456
127.139 0.908334
127.194 0.8816
127.248 0.855331
127.303 0.829601
127.357 0.804481
127.412 0.780039
127.466 0.756339
127.519 0.733443
127.573 0.711408
127.627 0.690287
127.68 0.670131
127.733 0.650987
127.786 0.632898
127.839 0.615901
127.891 0.600033
127.944 0.585326
127.996 0.571806
128.048 0.559499
128.1 0.548426
128.152 0.538604
128.204 0.53005
128.255 0.522774
128.307 0.516787
128.358 0.512096
128.41 0.508706
128.461 0.506622
128.512 0.505844
128.564 0.506373
128.615 0.508208
128.666 0.511347
128.718 0.515785
128.769 0.521516
128.821 0.528534
128.872 0.536827
128.924 0.546383
128.976 0.557189
129.028 0.569226
129.08 0.582474
129.132 0.596909
129.185 0.612503
129.237 0.629227
129.29 0.647044
129.343 0.665919
129.396 0.685808
129.449 0.706667
129.503 0.728446
129.557 0.751092
129.61 0.77455
129.664 0.79876
129.719 0.823658
129.773 0.849178
129.827 0.87525
129.882 0.901802
129.937 0.928759
129.992 0.956042
130.047 0.983571
130.103 1.01126
130.158 1.03904
130.214 1.0668
130.27 1.09448
130.326 1.12197
130.382 1.14919
130.439 1.17605
130.495 1.20247
130.552 1.22834
130.608 1.25359
130.665 1.27813
130.722 1.30188
130.779 1.32474
130.837 1.34664
130.894 1.3675
130.951 1.38725
131.009 1.40581
131.067 1.42312
131.124 1.43912
131.182 1.45374
131.24 1.46693
131.298 1.47864
131.356 1.48883
131.414 1.49746
131.472 1.50449
131.53 1.50991
131.588 1.51369
131.646 1.51581
131.704 1.51627
131.762 1.51506
131.82 1.5122
131.878 1.50768
131.936 1.50153
131.994 1.49377
132.052 1.48442
132.11 1.47353
132.168 1.46113
132.226 1.44727
132.284 1.432
132.342 1.41537
132.4 1.39744
132.457 1.37829
132.515 1.35798
132.572 1.33658
132.629 1.31418
132.687 1.29084
132.744 1.26665
132.801 1.2417
132.857 1.21608
132.914 1.18987
132.971 1.16316
133.027 1.13603
133.083 1.10859
133.14 1.08092
133.196 1.05311
133.251 1.02525
133.307 0.997429
133.362 0.969727
133.418 0.942232
133.473 0.915025
133.528 0.888188
133.583 0.861797
133.637 0.835926
133.692 0.810649
133.746 0.786032
133.8 0.762143
133.854 0.739042
133.908 0.716788
133.961 0.695435
134.014 0.675036
134.068 0.655637
134.121 0.637282
134.173 0.620011
134.226 0.60386
134.278 0.588862
134.331 0.575046
134.383 0.562436
134.435 0.551055
134.487 0.540922
134.539 0.532052
134.59 0.524458
134.642 0.518151
134.693 0.513138
134.745 0.509425
134.796 0.507017
134.847 0.505915
134.899 0.50612
134.95 0.507632
135.001 0.510447
135.053 0.514564
135.104 0.519975
135.156 0.526674
135.207 0.534652
135.259 0.543897
135.311 0.554395
135.363 0.566128
135.415 0.579078
135.467 0.593221
135.519 0.608531
135.572 0.624977
135.625 0.642527
135.678 0.661143
135.731 0.680785
135.784 0.701407
135.837 0.722963
135.891 0.7454
135.945 0.768662
135.999 0.792691
136.053 0.817424
136.107 0.842797
136.162 0.868739
136.216 0.895179
136.271 0.922042
136.326 0.949252
136.381 0.976728
136.437 1.00439
136.492 1.03215
136.548 1.05993
136.604 1.08763
136.66 1.11518
136.716 1.14247
136.772 1.16943
136.829 1.19596
136.885 1.22198
136.942 1.2474
136.999 1.27212
137.056 1.29607
137.113 1.31916
137.17 1.3413
137.227 1.36243
137.285 1.38246
137.342 1.40133
137.4 1.41895
137.458 1.43528
137.515 1.45024
137.573 1.46379
137.631 1.47587
137.689 1.48644
137.747 1.49546
137.805 1.5029
137.863 1.50872
137.921 1.5129
137.979 1.51544
138.037 1.51631
138.095 1.51552
138.154 1.51306
138.212 1.50895
138.27 1.50321
138.328 1.49584
138.386 1.48689
138.444 1.47637
138.502 1.46434
138.56 1.45084
138.617 1.43591
138.675 1.41961
138.733 1.402
138.791 1.38315
138.848 1.36312
138.906 1.34199
138.963 1.31982
139.02 1.29671
139.077 1.27272
139.134 1.24796
139.191 1.22249
139.248 1.19642
139.304 1.16982
139.361 1.14279
139.417 1.11542
139.473 1.0878
139.529 1.06002
139.585 1.03216
139.641 1.00432
139.696 0.976579
139.752 0.949025
139.807 0.921739
139.862 0.894803
139.917 0.868294
139.971 0.842288
140.026 0.816857
140.08 0.79207
140.134 0.767995
140.188 0.744692
140.242 0.722223
140.295 0.700642
140.349 0.680002
140.402 0.660351
140.455 0.641733
140.508 0.62419
140.561 0.607759
140.613 0.592472
140.666 0.57836
140.718 0.565449
140.77 0.553761
140.822 0.543317
140.873 0.534133
140.925 0.526221
140.977 0.519594
141.028 0.51426
141.08 0.510224
141.131 0.507492
141.182 0.506066
141.234 0.505947
141.285 0.507135
141.336 0.509628
141.388 0.513422
141.439 0.518513
141.49 0.524894
141.542 0.532556
141.594 0.541487
141.646 0.551676
141.697 0.563105
141.75 0.575755
141.802 0.589605
141.854 0.604628
141.907 0.620795
141.959 0.638075
142.012 0.65643
142.065 0.675821
142.118 0.696205
142.172 0.717534
142.225 0.739758
142.279 0.762821
142.333 0.786665
142.387 0.81123
142.441 0.83645
142.496 0.862257
142.55 0.888581
142.605 0.915346
142.66 0.942478
142.715 0.969895
142.771 0.997517
142.826 1.02526
142.882 1.05304
142.938 1.08077
142.994 1.10837
143.05 1.13573
143.106 1.16278
143.162 1.18943
143.219 1.21558
143.276 1.24116
143.332 1.26606
143.389 1.29021
143.446 1.31352
143.504 1.3359
143.561 1.35729
143.618 1.3776
143.676 1.39676
143.733 1.4147
143.791 1.43136
143.849 1.44666
143.907 1.46057
143.964 1.47302
144.022 1.48397
144.08 1.49337
144.138 1.5012
144.196 1.50743
144.254 1.51202
144.313 1.51496
144.371 1.51625
144.429 1.51587
144.487 1.51382
144.545 1.51012
144.603 1.50478
144.661 1.49782
144.719 1.48925
144.777 1.47912
144.835 1.46747
144.893 1.45432
144.951 1.43974
145.009 1.42378
145.066 1.40649
145.124 1.38794
145.182 1.36819
145.239 1.34732
145.296 1.32541
145.354 1.30252
145.411 1.27875
145.468 1.25417
145.525 1.22887
145.581 1.20293
145.638 1.17646
145.695 1.14953
145.751 1.12224
145.807 1.09467
145.863 1.06692
145.919 1.03907
145.975 1.01122
146.03 0.983443
146.086 0.955835
146.141 0.928475
146.196 0.901445
146.251 0.874822
146.306 0.848685
146.36 0.823105
146.414 0.798152
146.469 0.773894
146.523 0.750394
146.576 0.727713
146.63 0.705907
146.683 0.685029
146.737 0.665128
146.79 0.646251
146.843 0.628437
146.895 0.611727
146.948 0.596153
147 0.581748
147.052 0.568536
147.105 0.556544
147.157 0.54579
147.208 0.536291
147.26 0.528063
147.312 0.521117
147.363 0.515461
147.415 0.511103
147.466 0.508048
147.517 0.506298
147.569 0.505855
147.62 0.506719
147.671 0.508888
147.723 0.51236
147.774 0.51713
147.825 0.523192
147.877 0.530537
147.929 0.539155
147.98 0.549034
148.032 0.560157
148.084 0.572506
148.137 0.58606
148.189 0.600795
148.241 0.616682
148.294 0.633689
148.347 0.651781
148.4 0.670919
148.453 0.691062
148.506 0.712161
148.56 0.734167
148.613 0.757027
148.667 0.780684
148.721 0.805076
148.776 0.83014
148.83 0.855808
148.885 0.88201
148.939 0.908673
148.994 0.935721
149.049 0.963075
149.105 0.990654
149.16 1.01838
149.216 1.04616
149.271 1.07391
149.327 1.10154
149.383 1.12897
149.44 1.15611
149.496 1.18287
149.553 1.20915
149.609 1.23487
149.666 1.25995
149.723 1.28429
149.78 1.30782
149.837 1.33044
149.894 1.35209
149.952 1.37267
150.009 1.39212
150.067 1.41037
150.124 1.42735
150.182 1.443
150.24 1.45725
150.298 1.47007
150.356 1.48139
150.414 1.49119
150.472 1.49941
150.53 1.50604
150.588 1.51103
150.646 1.51439
150.704 1.51608
150.762 1.51612
150.82 1.51449
150.878 1.5112
150.936 1.50626
150.994 1.49969
151.052 1.49152
151.11 1.48178
151.168 1.4705
151.226 1.45772
151.284 1.44349
151.342 1.42786
151.4 1.4109
151.457 1.39265
151.515 1.3732
151.572 1.3526
151.63 1.33094
151.687 1.30828
151.744 1.28472
151.801 1.26033
151.858 1.2352
151.915 1.20942
151.972 1.18307
152.028 1.15624
152.085 1.12903
152.141 1.10152
152.197 1.07381
152.253 1.04598
152.309 1.01812
152.364 0.990317
152.42 0.96266
152.475 0.935231
152.53 0.908111
152.585 0.881381
152.64 0.855116
152.694 0.829391
152.749 0.804276
152.803 0.77984
152.857 0.756147
152.911 0.733257
152.964 0.711229
153.018 0.690116
153.071 0.669969
153.124 0.650833
153.177 0.632752
153.23 0.615765
153.283 0.599907
153.335 0.585209
153.387 0.571699
153.439 0.559402
153.491 0.548339
153.543 0.538528
153.595 0.529984
153.647 0.522719
153.698 0.516743
153.75 0.512063
153.801 0.508684
153.852 0.50661
153.904 0.505843
153.955 0.506383
154.006 0.508229
154.058 0.511378
154.109 0.515827
154.16 0.521569
154.212 0.528597
154.264 0.536901
154.315 0.546468
154.367 0.557284
154.419 0.569331
154.471 0.582589
154.524 0.597033
154.576 0.612637
154.629 0.62937
154.681 0.647196
154.734 0.666079
154.787 0.685977
154.841 0.706843
154.894 0.728629
154.948 0.751283
155.002 0.774748
155.056 0.798963
155.11 0.823867
155.164 0.849391
155.219 0.875468
155.273 0.902024
155.328 0.928983
155.383 0.956269
155.439 0.9838
155.494 1.01149
155.55 1.03927
155.605 1.06703
155.661 1.09471
155.717 1.1222
155.773 1.14941
155.83 1.17627
155.886 1.20268
155.943 1.22855
156 1.2538
156.057 1.27833
156.114 1.30207
156.171 1.32492
156.228 1.34682
156.285 1.36767
156.343 1.38741
156.4 1.40596
156.458 1.42326
156.516 1.43924
156.573 1.45385
156.631 1.46703
156.689 1.47873
156.747 1.4889
156.805 1.49752
156.863 1.50454
156.921 1.50995
156.979 1.51371
157.037 1.51582
157.08 1.51631
