0 1
0.01 0.995
0.03 0.985002
0.07 0.965029
0.127025 0.936658
0.181402 0.909796
0.235933 0.883125
0.290268 0.856896
0.344448 0.831161
0.398466 0.805998
0.452318 0.781474
0.506002 0.757658
0.559517 0.734611
0.612862 0.712395
0.666034 0.691064
0.719034 0.670671
0.771862 0.651264
0.824519 0.632889
0.877007 0.615586
0.929327 0.599391
0.981483 0.584339
1.03348 0.570457
1.08532 0.557772
1.13702 0.546307
1.18858 0.536079
1.24002 0.527105
1.29133 0.519398
1.34255 0.512968
1.39367 0.507823
1.44472 0.503968
1.49572 0.501408
1.54669 0.500145
1.59763 0.50018
1.64858 0.501512
1.69955 0.504139
1.75056 0.508057
1.80163 0.513262
1.85278 0.519747
1.90402 0.527504
1.95537 0.53652
2.00683 0.546784
2.05843 0.558278
2.11016 0.570983
2.16205 0.584878
2.21409 0.599937
2.26628 0.616129
2.31865 0.633424
2.37118 0.651783
2.42388 0.671167
2.47675 0.691531
2.52979 0.712827
2.583 0.735005
2.63639 0.758007
2.68994 0.781775
2.74367 0.806247
2.79756 0.831356
2.85161 0.857034
2.90583 0.883207
2.9602 0.909803
3.01474 0.936741
3.06942 0.963944
3.12425 0.991329
3.17923 1.01881
3.23434 1.04631
3.28959 1.07373
3.34498 1.10099
3.40049 1.12801
3.45613 1.15469
3.51188 1.18094
3.56775 1.20669
3.62373 1.23184
3.67981 1.2563
3.73599 1.28001
3.79227 1.30286
3.84863 1.32479
3.90508 1.34572
3.96161 1.36558
4.01821 1.38429
4.07488 1.40179
4.13161 1.41802
4.1884 1.43292
4.24525 1.44643
4.30214 1.45851
4.35907 1.46911
4.41604 1.4782
4.47303 1.48575
4.53006 1.49171
4.5871 1.49608
4.64416 1.49884
4.70122 1.49997
4.75829 1.49947
4.81536 1.49735
4.87242 1.49361
4.92946 1.48827
4.98649 1.48133
5.04349 1.47284
5.10047 1.46282
5.1574 1.4513
5.2143 1.43833
5.27115 1.42396
5.32795 1.40822
5.38469 1.39119
5.44137 1.37293
5.49799 1.35348
5.55453 1.33293
5.61099 1.31135
5.66737 1.28881
5.72366 1.26539
5.77985 1.24117
5.83595 1.21624
5.89195 1.19067
5.94783 1.16455
6.0036 1.13798
6.05926 1.11103
6.11479 1.0838
6.17019 1.05638
6.22547 1.02884
6.2806 1.00129
6.3356 0.973806
6.39045 0.946471
6.44515 0.91937
6.4997 0.892585
6.5541 0.866194
6.60834 0.840274
6.66241 0.814899
6.71632 0.790139
6.77007 0.766063
6.82364 0.742735
6.87705 0.720216
6.93028 0.698563
6.98334 0.67783
7.03623 0.658067
7.08895 0.639319
7.1415 0.621629
7.19388 0.605036
7.24609 0.589572
7.29815 0.57527
7.35004 0.562156
7.40179 0.550253
7.4534 0.539582
7.50488 0.53016
7.55624 0.522
7.60748 0.515114
7.65864 0.509509
7.70972 0.505194
7.76073 0.502172
7.8117 0.500447
7.86265 0.500019
7.9136 0.500888
7.96456 0.503054
8.01555 0.506512
8.0666 0.511259
8.11772 0.517289
8.16893 0.524593
8.22023 0.533162
8.27166 0.542983
8.3232 0.55404
8.37489 0.566316
8.42672 0.57979
8.4787 0.594436
8.53084 0.610228
8.58315 0.627134
8.63562 0.645118
8.68825 0.664141
8.74106 0.684161
8.79404 0.705131
8.8472 0.727001
8.90052 0.749715
8.95402 0.773217
9.00768 0.797446
9.06151 0.822336
9.11551 0.847819
9.16967 0.873824
9.22399 0.900278
9.27846 0.927103
9.33309 0.954221
9.38787 0.98155
9.4428 1.00901
9.49786 1.03651
9.55307 1.06397
9.60841 1.0913
9.66387 1.11841
9.71947 1.14522
9.77518 1.17164
9.83101 1.19757
9.88695 1.22295
9.94299 1.24766
9.99914 1.27165
10.0554 1.29482
10.1117 1.31709
10.1681 1.33838
10.2246 1.35863
10.2812 1.37775
10.3379 1.39569
10.3946 1.41238
10.4513 1.42776
10.5082 1.44177
10.565 1.45437
10.622 1.46551
10.6789 1.47514
10.7359 1.48324
10.7929 1.48977
10.8499 1.49471
10.907 1.49804
10.9641 1.49975
11.0211 1.49984
11.0782 1.49829
11.1353 1.49513
11.1923 1.49035
11.2493 1.48399
11.3064 1.47605
11.3633 1.46657
11.4203 1.45558
11.4772 1.44312
11.5341 1.42924
11.5909 1.41398
11.6477 1.39741
11.7044 1.37958
11.761 1.36054
11.8176 1.34038
11.8741 1.31916
11.9305 1.29695
11.9868 1.27384
12.043 1.24989
12.0991 1.2252
12.1552 1.19985
12.2111 1.17392
12.2669 1.1475
12.3226 1.12067
12.3782 1.09354
12.4336 1.06617
12.489 1.03867
12.5441 1.01111
12.5992 0.983592
12.6541 0.956194
12.7089 0.929
12.7635 0.902093
12.8179 0.875552
12.8722 0.849456
12.9263 0.823878
12.9803 0.798891
13.0341 0.774564
13.0877 0.750962
13.1412 0.728148
13.1945 0.70618
13.2476 0.685113
13.3006 0.664999
13.3534 0.645884
13.406 0.627812
13.4584 0.610823
13.5107 0.594953
13.5628 0.580234
13.6147 0.566693
13.6665 0.554356
13.7182 0.543244
13.7697 0.533375
13.8211 0.524764
13.8724 0.517422
13.9236 0.51136
13.9747 0.506584
14.0257 0.503101
14.0767 0.500913
14.1277 0.500023
14.1786 0.50043
14.2296 0.502133
14.2806 0.505131
14.3316 0.50942
14.3827 0.514993
14.4338 0.521844
14.4851 0.529963
14.5365 0.539339
14.588 0.549957
14.6396 0.561801
14.6914 0.57485
14.7433 0.589082
14.7954 0.604469
14.8477 0.620981
14.9001 0.638585
14.9527 0.657243
15.0054 0.676913
15.0583 0.697549
15.1114 0.719104
15.1647 0.741524
15.2181 0.764752
15.2717 0.788729
15.3255 0.81339
15.3794 0.83867
15.4335 0.864498
15.4878 0.8908
15.5422 0.917502
15.5968 0.944525
15.6515 0.971788
15.7064 0.99921
15.7614 1.02671
15.8166 1.05419
15.8718 1.08158
15.9273 1.10878
15.9828 1.1357
16.0385 1.16227
16.0943 1.18839
16.1502 1.21397
16.2062 1.23893
16.2623 1.26319
16.3185 1.28666
16.3748 1.30925
16.4312 1.33091
16.4877 1.35153
16.5442 1.37107
16.6008 1.38944
16.6575 1.40658
16.7143 1.42243
16.7711 1.43694
16.8279 1.45004
16.8848 1.46171
16.9418 1.47188
16.9988 1.48053
17.0558 1.48762
17.1128 1.49313
17.1698 1.49704
17.2269 1.49933
17.284 1.49999
17.341 1.49903
17.3981 1.49644
17.4552 1.49224
17.5122 1.48644
17.5692 1.47906
17.6262 1.47012
17.6832 1.45967
17.7401 1.44773
17.797 1.43435
17.8538 1.41958
17.9106 1.40347
17.9673 1.38608
18.024 1.36746
18.0806 1.3477
18.1371 1.32684
18.1935 1.30498
18.2499 1.28218
18.3062 1.25852
18.3623 1.23409
18.4184 1.20896
18.4744 1.18322
18.5302 1.15697
18.586 1.13028
18.6416 1.10324
18.6971 1.07595
18.7524 1.04848
18.8077 1.02094
18.8628 0.993393
18.9177 0.965942
18.9725 0.938666
19.0272 0.911647
19.0817 0.884967
19.1361 0.858704
19.1902 0.832933
19.2443 0.807727
19.2981 0.783157
19.3518 0.759289
19.4054 0.736187
19.4587 0.713911
19.5119 0.692517
19.5649 0.672057
19.6178 0.652581
19.6704 0.634133
19.7229 0.616753
19.7753 0.600481
19.8274 0.585348
19.8794 0.571384
19.9313 0.558615
19.983 0.547064
20.0346 0.53675
20.086 0.527689
20.1373 0.519893
20.1885 0.513374
20.2397 0.508139
20.2907 0.504194
20.3417 0.501544
20.3927 0.500191
20.4436 0.500136
20.4946 0.501377
20.5456 0.503914
20.5966 0.507743
20.6476 0.512859
20.6988 0.519255
20.75 0.526924
20.8013 0.535853
20.8528 0.54603
20.9044 0.557439
20.9561 0.570061
21.008 0.583874
21.06 0.598853
21.1122 0.614968
21.1646 0.632187
21.2171 0.650473
21.2698 0.669787
21.3226 0.690084
21.3757 0.711318
21.4289 0.733435
21.4822 0.756382
21.5358 0.780099
21.5895 0.804524
21.6434 0.829591
21.6974 0.855232
21.7516 0.881373
21.806 0.907942
21.8605 0.934859
21.9152 0.962046
21.97 0.989421
22.025 1.0169
22.0801 1.0444
22.1353 1.07183
22.1907 1.09911
22.2462 1.12614
22.3018 1.15285
22.3576 1.17913
22.4134 1.20492
22.4694 1.23011
22.5255 1.25463
22.5816 1.27838
22.6379 1.3013
22.6943 1.3233
22.7507 1.3443
22.8072 1.36423
22.8638 1.38303
22.9205 1.40061
22.9772 1.41693
23.034 1.43192
23.0908 1.44554
23.1477 1.45772
23.2047 1.46843
23.2616 1.47762
23.3186 1.48527
23.3756 1.49135
23.4327 1.49583
23.4897 1.4987
23.5468 1.49994
23.6039 1.49956
23.6609 1.49755
23.718 1.49392
23.7751 1.48869
23.8321 1.48187
23.8891 1.47348
23.9461 1.46356
24.003 1.45215
24.0599 1.43928
24.1168 1.425
24.1736 1.40936
24.2303 1.39242
24.287 1.37423
24.3436 1.35487
24.4002 1.3344
24.4566 1.31289
24.513 1.29041
24.5693 1.26705
24.6255 1.24288
24.6816 1.21799
24.7376 1.19246
24.7935 1.16638
24.8493 1.13984
24.9049 1.11291
24.9605 1.0857
25.0159 1.05829
25.0712 1.03076
25.1263 1.00321
25.1813 0.975713
25.2362 0.948365
25.2909 0.921245
25.3455 0.894435
25.3999 0.868014
25.4541 0.842059
25.5082 0.816644
25.5621 0.791839
25.6159 0.767714
25.6695 0.744332
25.7229 0.721755
25.7761 0.70004
25.8292 0.679241
25.8821 0.659409
25.9348 0.640589
25.9874 0.622824
26.0398 0.606153
26.092 0.59061
26.1441 0.576226
26.196 0.563029
26.2478 0.551041
26.2994 0.540284
26.3509 0.530774
26.4022 0.522526
26.4535 0.515551
26.5046 0.509857
26.5557 0.505452
26.6067 0.50234
26.6577 0.500525
26.7087 0.500007
26.7596 0.500786
26.8106 0.502861
26.8616 0.50623
26.9126 0.510888
26.9637 0.516829
27.0149 0.524044
27.0662 0.532526
27.1176 0.54226
27.1692 0.553231
27.2208 0.565423
27.2727 0.578815
27.3246 0.593381
27.3768 0.609094
27.4291 0.625923
27.4815 0.643834
27.5341 0.662786
27.5869 0.682738
27.6399 0.703644
27.6931 0.725452
27.7464 0.74811
27.7998 0.771559
27.8535 0.795739
27.9073 0.820585
27.9613 0.846029
28.0155 0.872001
28.0698 0.898426
28.1242 0.925228
28.1788 0.952328
28.2336 0.979645
28.2885 1.0071
28.3436 1.0346
28.3988 1.06206
28.4541 1.0894
28.5096 1.11654
28.5652 1.14337
28.6209 1.16981
28.6767 1.19579
28.7326 1.2212
28.7886 1.24597
28.8448 1.27001
28.901 1.29323
28.9574 1.31557
29.0138 1.33693
29.0703 1.35726
29.1268 1.37646
29.1835 1.39449
29.2402 1.41126
29.2969 1.42674
29.3538 1.44084
29.4106 1.45354
29.4675 1.46478
29.5245 1.47452
29.5815 1.48272
29.6385 1.48936
29.6955 1.49442
29.7526 1.49786
29.8097 1.49969
29.8667 1.49988
29.9238 1.49845
29.9809 1.4954
30.0379 1.49074
30.0949 1.48448
30.152 1.47665
30.2089 1.46727
30.2659 1.45639
30.3228 1.44403
30.3797 1.43025
30.4365 1.41509
30.4933 1.3986
30.55 1.38086
30.6066 1.3619
30.6632 1.34182
30.7197 1.32067
30.7761 1.29853
30.8324 1.27547
30.8887 1.25158
30.9448 1.22694
31.0008 1.20163
31.0568 1.17574
31.1126 1.14935
31.1683 1.12255
31.2239 1.09543
31.2793 1.06808
31.3347 1.04058
31.3899 1.01303
31.4449 0.985502
31.4998 0.958093
31.5546 0.930882
31.6092 0.903953
31.6637 0.877384
31.718 0.851254
31.7721 0.825638
31.8261 0.800608
31.8799 0.776233
31.9336 0.752579
31.9871 0.729708
32.0404 0.707679
32.0935 0.686548
32.1465 0.666365
32.1993 0.647179
32.2519 0.629034
32.3043 0.611969
32.3566 0.59602
32.4087 0.581219
32.4607 0.567596
32.5125 0.555175
32.5642 0.543977
32.6157 0.534021
32.6671 0.525321
32.7184 0.517891
32.7696 0.51174
32.8207 0.506875
32.8717 0.503301
32.9227 0.501023
32.9737 0.500042
33.0246 0.500359
33.0756 0.501973
33.1266 0.504881
33.1776 0.50908
33.2287 0.514564
33.2798 0.521326
33.3311 0.529358
33.3825 0.538646
33.434 0.549179
33.4856 0.560938
33.5374 0.573905
33.5893 0.588055
33.6413 0.603362
33.6936 0.619798
33.746 0.637327
33.7985 0.655912
33.8513 0.675513
33.9042 0.696084
33.9573 0.717577
34.0105 0.739938
34.0639 0.763112
34.1175 0.787039
34.1713 0.811655
34.2252 0.836894
34.2793 0.862686
34.3336 0.888958
34.388 0.915634
34.4425 0.942637
34.4973 0.969887
34.5521 0.9973
34.6071 1.02479
34.6623 1.05228
34.7176 1.07968
34.773 1.10689
34.8285 1.13384
34.8842 1.16044
34.9399 1.18659
34.9958 1.21221
35.0518 1.23722
35.1079 1.26153
35.1641 1.28505
35.2204 1.30771
35.2768 1.32943
35.3333 1.35013
35.3898 1.36975
35.4465 1.3882
35.5031 1.40543
35.5599 1.42137
35.6167 1.43597
35.6735 1.44918
35.7304 1.46094
35.7874 1.47122
35.8444 1.47998
35.9014 1.48718
35.9584 1.4928
36.0154 1.49682
36.0725 1.49922
36.1296 1.5
36.1866 1.49915
36.2437 1.49668
36.3008 1.49258
36.3578 1.48689
36.4148 1.47962
36.4718 1.47079
36.5288 1.46044
36.5857 1.4486
36.6426 1.43532
36.6994 1.42065
36.7562 1.40463
36.813 1.38732
36.8696 1.36879
36.9262 1.34911
36.9827 1.32833
37.0392 1.30653
37.0955 1.28379
37.1518 1.26019
37.208 1.23581
37.2641 1.21073
37.32 1.18503
37.3759 1.15881
37.4316 1.13215
37.4873 1.10513
37.5428 1.07785
37.5982 1.05039
37.6534 1.02285
37.7085 0.995306
37.7635 0.967846
37.8183 0.940555
37.873 0.913516
37.9275 0.88681
37.9818 0.860515
38.036 0.834707
38.0901 0.80946
38.144 0.784843
38.1977 0.760925
38.2512 0.737768
38.3046 0.715432
38.3578 0.693975
38.4108 0.673448
38.4636 0.653902
38.5163 0.635381
38.5688 0.617926
38.6212 0.601576
38.6734 0.586362
38.7254 0.572316
38.7772 0.559464
38.829 0.547827
38.8805 0.537427
38.932 0.528278
38.9833 0.520394
39.0345 0.513785
39.0857 0.508461
39.1367 0.504427
39.1877 0.501687
39.2387 0.500243
39.2897 0.500098
39.3406 0.501249
39.3916 0.503696
39.4426 0.507435
39.4936 0.512462
39.5448 0.518769
39.596 0.526349
39.6473 0.535191
39.6988 0.545282
39.7504 0.556606
39.8021 0.569145
39.8539 0.582876
39.906 0.597774
39.9581 0.613811
40.0105 0.630954
40.063 0.649168
40.1156 0.668412
40.1685 0.688642
40.2215 0.709812
40.2747 0.73187
40.3281 0.754761
40.3816 0.778427
40.4353 0.802804
40.4892 0.827829
40.5432 0.853432
40.5974 0.879541
40.6517 0.906082
40.7063 0.932978
40.7609 0.960149
40.8157 0.987513
40.8707 1.01499
40.9258 1.04249
40.981 1.06993
41.0364 1.09722
41.0919 1.12427
41.1475 1.151
41.2032 1.17732
41.2591 1.20314
41.3151 1.22838
41.3711 1.25295
41.4273 1.27676
41.4836 1.29974
41.5399 1.3218
41.5963 1.34288
41.6529 1.36288
41.7094 1.38176
41.7661 1.39943
41.8228 1.41584
41.8796 1.43093
41.9365 1.44464
41.9933 1.45692
42.0503 1.46773
42.1072 1.47703
42.1642 1.48479
42.2212 1.49098
42.2783 1.49557
42.3353 1.49855
42.3924 1.49991
42.4495 1.49964
42.5065 1.49774
42.5636 1.49423
42.6206 1.4891
42.6777 1.48239
42.7347 1.47412
42.7917 1.4643
42.8486 1.45299
42.9055 1.44022
42.9624 1.42604
43.0192 1.41049
43.0759 1.39364
43.1326 1.37554
43.1892 1.35625
43.2458 1.33586
43.3023 1.31441
43.3586 1.292
43.4149 1.2687
43.4712 1.24459
43.5273 1.21974
43.5833 1.19426
43.6392 1.16821
43.695 1.1417
43.7506 1.1148
43.8062 1.0876
43.8616 1.0602
43.9169 1.03268
43.9721 1.00512
44.0271 0.977621
44.0819 0.95026
44.1367 0.923121
44.1912 0.896287
44.2457 0.869837
44.2999 0.843847
44.354 0.818392
44.4079 0.793543
44.4617 0.769368
44.5153 0.745932
44.5687 0.723297
44.622 0.70152
44.6751 0.680656
44.728 0.660755
44.7807 0.641864
44.8333 0.624024
44.8857 0.607276
44.938 0.591654
44.99 0.577188
45.0419 0.563907
45.0937 0.551835
45.1453 0.540992
45.1968 0.531395
45.2482 0.523059
45.2995 0.515994
45.3506 0.510212
45.4017 0.505717
45.4528 0.502515
45.5037 0.500609
45.5547 0.500001
45.6056 0.50069
45.6566 0.502675
45.7076 0.505954
45.7586 0.510522
45.8097 0.516374
45.8609 0.523502
45.9122 0.531895
45.9636 0.541543
46.0151 0.552429
46.0668 0.564537
46.1186 0.577845
46.1706 0.592331
46.2227 0.607965
46.275 0.624718
46.3274 0.642554
46.38 0.661436
46.4328 0.68132
46.4858 0.70216
46.5389 0.723908
46.5922 0.746508
46.6457 0.769905
46.6993 0.794036
46.7531 0.818838
46.8071 0.844242
46.8612 0.870179
46.9155 0.896575
46.97 0.923354
47.0246 0.950436
47.0794 0.977741
47.1343 1.00519
47.1893 1.03269
47.2445 1.06016
47.2998 1.08751
47.3553 1.11466
47.4108 1.14151
47.4665 1.16799
47.5223 1.194
47.5783 1.21945
47.6343 1.24427
47.6904 1.26836
47.7467 1.29165
47.803 1.31405
47.8594 1.33548
47.9159 1.35588
47.9725 1.37516
48.0291 1.39327
48.0858 1.41014
48.1426 1.4257
48.1994 1.43991
48.2562 1.45271
48.3131 1.46405
48.3701 1.47389
48.4271 1.4822
48.4841 1.48895
48.5411 1.49412
48.5982 1.49767
48.6552 1.49961
48.7123 1.49992
48.7694 1.49861
48.8264 1.49567
48.8835 1.49111
48.9405 1.48497
48.9975 1.47724
49.0545 1.46798
49.1115 1.45719
49.1684 1.44494
49.2253 1.43125
49.2821 1.41619
49.3389 1.39979
49.3956 1.38213
49.4522 1.36326
49.5088 1.34325
49.5653 1.32217
49.6217 1.3001
49.6781 1.2771
49.7343 1.25327
49.7905 1.22868
49.8465 1.20341
49.9024 1.17756
49.9583 1.1512
50.014 1.12442
50.0696 1.09732
50.1251 1.06999
50.1804 1.0425
50.2356 1.01494
50.2907 0.987413
50.3456 0.959993
50.4004 0.932766
50.455 0.905814
50.5095 0.879218
50.5638 0.853055
50.6179 0.827401
50.6719 0.802328
50.7258 0.777905
50.7794 0.754198
50.8329 0.731271
50.8862 0.709182
50.9394 0.687987
50.9923 0.667737
51.0451 0.64848
51.0978 0.630261
51.1502 0.613119
51.2025 0.597092
51.2547 0.582211
51.3066 0.568505
51.3585 0.555999
51.4101 0.544715
51.4617 0.534672
51.5131 0.525885
51.5644 0.518366
51.6156 0.512126
51.6667 0.507171
51.7178 0.503508
51.7687 0.50114
51.8197 0.500069
51.8706 0.500295
51.9216 0.501819
51.9726 0.504637
52.0236 0.508746
52.0747 0.514141
52.1258 0.520815
52.1771 0.528758
52.2285 0.53796
52.2799 0.548407
52.3316 0.560081
52.3833 0.572964
52.4352 0.587033
52.4873 0.602261
52.5395 0.618619
52.5919 0.636074
52.6444 0.654587
52.6972 0.674119
52.7501 0.694624
52.8031 0.716054
52.8564 0.738357
52.9098 0.761476
52.9634 0.785352
53.0171 0.809923
53.071 0.835121
53.1251 0.860876
53.1793 0.887117
53.2337 0.913768
53.2883 0.940751
53.343 0.967986
53.3979 0.99539
53.4529 1.02288
53.508 1.05037
53.5633 1.07778
53.6187 1.10501
53.6742 1.13198
53.7299 1.1586
53.7856 1.18479
53.8415 1.21045
53.8975 1.2355
53.9536 1.25986
54.0098 1.28344
54.0661 1.30617
54.1225 1.32795
54.1789 1.34873
54.2355 1.36842
54.2921 1.38696
54.3488 1.40427
54.4055 1.42031
54.4623 1.435
54.5191 1.44831
54.576 1.46017
54.633 1.47056
54.6899 1.47942
54.747 1.48673
54.804 1.49246
54.861 1.49659
54.9181 1.49911
54.9751 1.5
55.0322 1.49926
55.0893 1.4969
55.1463 1.49292
55.2034 1.48734
55.2604 1.48018
55.3174 1.47145
55.3744 1.46121
55.4313 1.44947
55.4882 1.43629
55.545 1.42171
55.6018 1.40579
55.6586 1.38857
55.7152 1.37012
55.7718 1.35051
55.8284 1.32981
55.8848 1.30808
55.9412 1.2854
55.9975 1.26186
56.0536 1.23753
56.1097 1.21249
56.1657 1.18684
56.2216 1.16065
56.2773 1.13401
56.333 1.10702
56.3885 1.07975
56.4439 1.05231
56.4991 1.02477
56.5542 0.997219
56.6092 0.969751
56.664 0.942445
56.7187 0.915386
56.7732 0.888654
56.8276 0.862328
56.8818 0.836484
56.9359 0.811196
56.9898 0.786533
57.0435 0.762564
57.097 0.739352
57.1504 0.716957
57.2036 0.695437
57.2567 0.674844
57.3095 0.655228
57.3622 0.636635
57.4147 0.619105
57.4671 0.602676
57.5193 0.587383
57.5713 0.573254
57.6232 0.560318
57.6749 0.548597
57.7265 0.538109
57.778 0.528873
57.8293 0.520901
57.8805 0.514203
57.9317 0.50879
57.9827 0.504665
58.0338 0.501835
58.0847 0.500302
58.1357 0.500066
58.1866 0.501127
58.2376 0.503484
58.2886 0.507133
58.3396 0.512071
58.3908 0.51829
58.442 0.525781
58.4933 0.534536
58.5448 0.544541
58.5963 0.55578
58.648 0.568234
58.6999 0.581883
58.7519 0.596701
58.8041 0.61266
58.8564 0.629727
58.9089 0.647868
58.9615 0.667041
59.0144 0.687205
59.0674 0.708311
59.1206 0.730309
59.1739 0.753144
59.2274 0.776757
59.2811 0.801088
59.335 0.82607
59.389 0.851635
59.4432 0.877711
59.4975 0.904225
59.552 0.931098
59.6067 0.958253
59.6615 0.985606
59.7164 1.01308
59.7715 1.04058
59.8267 1.06802
59.8821 1.09533
59.9376 1.1224
59.9932 1.14916
60.0489 1.17551
60.1048 1.20137
60.1607 1.22665
60.2168 1.25126
60.2729 1.27513
60.3292 1.29817
60.3855 1.3203
60.442 1.34144
60.4985 1.36153
60.5551 1.38049
60.6117 1.39824
60.6684 1.41474
60.7252 1.42992
60.7821 1.44373
60.8389 1.45611
60.8959 1.46703
60.9528 1.47643
61.0098 1.4843
61.0668 1.4906
61.1239 1.4953
61.1809 1.4984
61.238 1.49987
61.2951 1.49971
61.3521 1.49793
61.4092 1.49452
61.4662 1.48951
61.5233 1.48291
61.5803 1.47474
61.6373 1.46503
61.6942 1.45383
61.7511 1.44115
61.808 1.42707
61.8648 1.41161
61.9215 1.39485
61.9782 1.37683
62.0349 1.35763
62.0914 1.33731
62.1479 1.31594
62.2043 1.29359
62.2606 1.27035
62.3168 1.24629
62.3729 1.22149
62.4289 1.19605
62.4849 1.17004
62.5406 1.14355
62.5963 1.11668
62.6519 1.0895
62.7073 1.06211
62.7626 1.03459
62.8178 1.00704
62.8728 0.979529
62.9277 0.952156
62.9824 0.924999
63.037 0.898142
63.0914 0.871662
63.1457 0.845638
63.1998 0.820143
63.2538 0.795249
63.3075 0.771025
63.3612 0.747536
63.4146 0.724844
63.4679 0.703005
63.521 0.682076
63.5739 0.662107
63.6266 0.643144
63.6792 0.62523
63.7316 0.608404
63.7839 0.592703
63.836 0.578156
63.8879 0.564792
63.9397 0.552635
63.9913 0.541706
64.0428 0.532021
64.0942 0.523597
64.1455 0.516444
64.1966 0.510572
64.2477 0.505988
64.2988 0.502696
64.3497 0.5007
64.4007 0.500001
64.4516 0.5006
64.5026 0.502495
64.5536 0.505684
64.6046 0.510163
64.6557 0.515926
64.7069 0.522965
64.7582 0.531271
64.8096 0.540832
64.8611 0.551632
64.9128 0.563656
64.9646 0.576882
65.0165 0.591286
65.0686 0.606842
65.1209 0.623518
65.1733 0.64128
65.2259 0.66009
65.2787 0.679906
65.3316 0.700682
65.3848 0.722368
65.4381 0.744911
65.4915 0.768253
65.5451 0.792336
65.5989 0.817093
65.6529 0.842458
65.707 0.86836
65.7613 0.894727
65.8158 0.921481
65.8704 0.948545
65.9251 0.975837
65.98 1.00327
66.035 1.03077
66.0902 1.05825
66.1455 1.08561
66.201 1.11278
66.2565 1.13966
66.3122 1.16616
66.368 1.19221
66.4239 1.2177
66.48 1.24257
66.5361 1.26671
66.5923 1.29006
66.6486 1.31252
66.705 1.33402
66.7615 1.3545
66.8181 1.37386
66.8747 1.39205
66.9314 1.40901
66.9882 1.42466
67.045 1.43897
67.1018 1.45186
67.1587 1.46331
67.2157 1.47326
67.2727 1.48168
67.3297 1.48854
67.3867 1.49381
67.4438 1.49748
67.5008 1.49953
67.5579 1.49995
67.615 1.49875
67.672 1.49592
67.7291 1.49148
67.7861 1.48544
67.8431 1.47783
67.9001 1.46867
67.9571 1.45799
68.014 1.44584
68.0709 1.43225
68.1277 1.41728
68.1845 1.40097
68.2412 1.3834
68.2979 1.36461
68.3544 1.34468
68.4109 1.32367
68.4674 1.30166
68.5237 1.27873
68.58 1.25495
68.6361 1.23041
68.6922 1.20519
68.7481 1.17937
68.804 1.15304
68.8597 1.1263
68.9153 1.09922
68.9708 1.07189
69.0261 1.04441
69.0813 1.01686
69.1364 0.989325
69.1913 0.961894
69.2461 0.934651
69.3007 0.907677
69.3552 0.881054
69.4096 0.854859
69.4637 0.829167
69.5177 0.804051
69.5716 0.77958
69.6252 0.755822
69.6787 0.732839
69.7321 0.710689
69.7852 0.68943
69.8382 0.669113
69.891 0.649786
69.9437 0.631493
69.9962 0.614276
70.0485 0.598169
70.1006 0.583208
70.1526 0.569419
70.2044 0.556829
70.2561 0.54546
70.3077 0.53533
70.3591 0.526455
70.4104 0.518848
70.4616 0.512518
70.5127 0.507474
70.5638 0.503721
70.6148 0.501262
70.6657 0.500101
70.7167 0.500238
70.7676 0.501671
70.8186 0.504399
70.8696 0.508419
70.9207 0.513725
70.9718 0.52031
71.0231 0.528165
71.0744 0.53728
71.1259 0.547641
71.1775 0.55923
71.2293 0.57203
71.2812 0.586017
71.3332 0.601166
71.3854 0.617446
71.4378 0.634825
71.4903 0.653266
71.5431 0.672729
71.5959 0.693168
71.649 0.714535
71.7022 0.736779
71.7556 0.759844
71.8092 0.783669
71.8629 0.808193
71.9168 0.83335
71.9709 0.859069
72.0251 0.885279
72.0795 0.911903
72.1341 0.938866
72.1888 0.966086
72.2436 0.993481
72.2986 1.02097
72.3537 1.04846
72.409 1.07588
72.4644 1.10312
72.5199 1.13011
72.5755 1.15676
72.6313 1.18298
72.6872 1.20868
72.7432 1.23378
72.7993 1.25819
72.8554 1.28183
72.9117 1.30462
72.9681 1.32647
73.0246 1.34732
73.0811 1.36709
73.1377 1.38571
73.1944 1.40311
73.2511 1.41924
73.3079 1.43403
73.3647 1.44743
73.4216 1.4594
73.4786 1.46988
73.5355 1.47885
73.5925 1.48627
73.6496 1.49211
73.7066 1.49636
73.7637 1.49898
73.8207 1.49999
73.8778 1.49937
73.9349 1.49712
73.9919 1.49325
74.049 1.48778
74.106 1.48072
74.163 1.47211
74.22 1.46197
74.2769 1.45034
74.3338 1.43725
74.3906 1.42277
74.4474 1.40694
74.5042 1.38981
74.5609 1.37144
74.6175 1.35191
74.674 1.33128
74.7305 1.30962
74.7868 1.28701
74.8431 1.26352
74.8993 1.23924
74.9554 1.21425
75.0114 1.18864
75.0672 1.16248
75.123 1.13588
75.1787 1.1089
75.2342 1.08166
75.2896 1.05422
75.3448 1.02668
75.4 0.999133
75.4549 0.971656
75.5098 0.944336
75.5645 0.917258
75.619 0.8905
75.6734 0.864144
75.7276 0.838264
75.7817 0.812934
75.8356 0.788226
75.8893 0.764207
75.9429 0.74094
75.9963 0.718487
76.0495 0.696904
76.1025 0.676245
76.1554 0.65656
76.2081 0.637893
76.2607 0.620288
76.313 0.603782
76.3652 0.588408
76.4173 0.574198
76.4691 0.561179
76.5209 0.549372
76.5725 0.538798
76.6239 0.529474
76.6753 0.521414
76.7265 0.514628
76.7777 0.509124
76.8288 0.50491
76.8798 0.50199
76.9307 0.500366
76.9817 0.50004
77.0326 0.501011
77.0836 0.503278
77.1346 0.506838
77.1856 0.511686
77.2368 0.517816
77.288 0.52522
77.3393 0.533887
77.3907 0.543805
77.4423 0.554959
77.494 0.567329
77.5458 0.580896
77.5978 0.595634
77.65 0.611514
77.7023 0.628506
77.7548 0.646573
77.8074 0.665676
77.8602 0.685772
77.9132 0.706814
77.9664 0.728752
78.0197 0.75153
78.0733 0.775092
78.1269 0.799374
78.1808 0.824313
78.2348 0.84984
78.289 0.875883
78.3433 0.902369
78.3978 0.92922
78.4524 0.956357
78.5072 0.9837
78.5621 1.01116
78.6172 1.03867
78.6724 1.06612
78.7278 1.09343
78.7833 1.12053
78.8389 1.14731
78.8946 1.17369
78.9504 1.19958
79.0064 1.22491
79.0624 1.24957
79.1186 1.2735
79.1748 1.2966
79.2312 1.31879
79.2876 1.34001
79.3441 1.36017
79.4007 1.37921
79.4573 1.39705
79.5141 1.41364
79.5708 1.42891
79.6277 1.44281
79.6845 1.4553
79.7415 1.46632
79.7984 1.47583
79.8554 1.48381
79.9124 1.49021
79.9695 1.49503
80.0265 1.49823
80.0836 1.49982
80.1406 1.49977
80.1977 1.4981
80.2548 1.49481
80.3118 1.48991
80.3689 1.48342
80.4259 1.47536
80.4828 1.46576
80.5398 1.45465
80.5967 1.44208
80.6536 1.42809
80.7104 1.41273
80.7671 1.39606
80.8238 1.37813
80.8805 1.359
80.937 1.33876
80.9935 1.31745
81.0499 1.29517
81.1062 1.27199
81.1625 1.24798
81.2186 1.22324
81.2746 1.19784
81.3305 1.17186
81.3863 1.14541
81.442 1.11856
81.4976 1.0914
81.553 1.06402
81.6083 1.03651
81.6635 1.00895
81.7185 0.981438
81.7734 0.954053
81.8282 0.926879
81.8828 0.899998
81.9372 0.873489
81.9915 0.847431
82.0456 0.821897
82.0996 0.796959
82.1534 0.772687
82.207 0.749144
82.2604 0.726394
82.3137 0.704495
82.3668 0.683501
82.4198 0.663463
82.4725 0.644429
82.5251 0.62644
82.5776 0.609538
82.6298 0.593757
82.6819 0.579129
82.7339 0.565682
82.7856 0.553441
82.8373 0.542425
82.8888 0.532654
82.9402 0.524142
82.9915 0.5169
83.0426 0.510939
83.0937 0.506265
83.1448 0.502883
83.1958 0.500796
83.2467 0.500008
83.2977 0.500516
83.3486 0.502322
83.3996 0.505421
83.4506 0.50981
83.5017 0.515484
83.5529 0.522435
83.6042 0.530653
83.6556 0.540127
83.7071 0.550842
83.7587 0.562781
83.8105 0.575924
83.8625 0.590247
83.9145 0.605723
83.9668 0.622323
84.0192 0.640011
84.0718 0.658749
84.1246 0.678496
84.1775 0.699207
84.2306 0.720832
84.2839 0.743317
84.3373 0.766606
84.391 0.790639
84.4447 0.815351
84.4987 0.840676
84.5528 0.866544
84.6071 0.89288
84.6615 0.91961
84.7161 0.946655
84.7708 0.973934
84.8257 1.00136
84.8808 1.02886
84.9359 1.05634
84.9912 1.08372
85.0467 1.1109
85.1022 1.1378
85.1579 1.16434
85.2137 1.19041
85.2696 1.21595
85.3256 1.24086
85.3817 1.26506
85.438 1.28846
85.4943 1.31099
85.5507 1.33256
85.6071 1.35311
85.6637 1.37255
85.7203 1.39083
85.777 1.40787
85.8338 1.42362
85.8906 1.43802
85.9474 1.45101
86.0043 1.46256
86.0613 1.47261
86.1183 1.48114
86.1753 1.48811
86.2323 1.49349
86.2894 1.49728
86.3464 1.49944
86.4035 1.49998
86.4606 1.49889
86.5176 1.49617
86.5747 1.49184
86.6317 1.48592
86.6887 1.47841
86.7457 1.46936
86.8027 1.45878
86.8596 1.44673
86.9165 1.43324
86.9733 1.41836
87.0301 1.40215
87.0868 1.38466
87.1435 1.36595
87.2001 1.3461
87.2566 1.32516
87.313 1.30322
87.3694 1.28035
87.4256 1.25663
87.4818 1.23214
87.5378 1.20696
87.5938 1.18118
87.6496 1.15489
87.7054 1.12817
87.761 1.10111
87.8165 1.0738
87.8718 1.04632
87.927 1.01877
87.9821 0.991237
88.0371 0.963796
88.0919 0.936537
88.1465 0.909542
88.201 0.882892
88.2553 0.856664
88.3095 0.830935
88.3635 0.805777
88.4174 0.78126
88.4711 0.75745
88.5246 0.73441
88.5779 0.712201
88.6311 0.690878
88.6841 0.670494
88.7369 0.651097
88.7896 0.632731
88.8421 0.615437
88.8944 0.599253
88.9465 0.58421
88.9985 0.570339
89.0504 0.557665
89.1021 0.546211
89.1536 0.535994
89.2051 0.527031
89.2564 0.519336
89.3076 0.512917
89.3587 0.507783
89.4098 0.50394
89.4608 0.501391
89.5117 0.50014
89.5627 0.500186
89.6136 0.501529
89.6646 0.504168
89.7156 0.508098
89.7667 0.513314
89.8178 0.519811
89.8691 0.527578
89.9204 0.536606
89.9719 0.54688
90.0235 0.558385
90.0752 0.571101
90.1271 0.585007
90.1791 0.600076
90.2313 0.616278
90.2837 0.633582
90.3362 0.651951
90.3889 0.671343
90.4418 0.691716
90.4949 0.713021
90.5481 0.735205
90.6015 0.758215
90.655 0.781989
90.7087 0.806467
90.7626 0.831582
90.8167 0.857264
90.8709 0.883442
90.9253 0.91004
90.9798 0.936982
91.0345 0.964187
91.0893 0.991573
91.1443 1.01906
91.1994 1.04655
91.2547 1.07397
91.3101 1.10124
91.3656 1.12825
91.4212 1.15492
91.477 1.18117
91.5328 1.20691
91.5888 1.23206
91.6449 1.25652
91.7011 1.28021
91.7574 1.30306
91.8137 1.32498
91.8702 1.3459
91.9267 1.36575
91.9833 1.38445
92.04 1.40194
92.0967 1.41816
92.1535 1.43304
92.2103 1.44654
92.2672 1.45861
92.3242 1.4692
92.3811 1.47828
92.4381 1.48581
92.4952 1.49176
92.5522 1.49611
92.6093 1.49885
92.6663 1.49997
92.7234 1.49946
92.7805 1.49733
92.8375 1.49357
92.8946 1.48821
92.9516 1.48127
93.0086 1.47276
93.0656 1.46272
93.1225 1.45119
93.1794 1.43821
93.2363 1.42382
93.2931 1.40808
93.3498 1.39104
93.4065 1.37276
93.4631 1.3533
93.5196 1.33275
93.5761 1.31116
93.6325 1.28861
93.6888 1.26518
93.7449 1.24095
93.801 1.21601
93.857 1.19044
93.9129 1.16432
93.9687 1.13774
94.0243 1.11079
94.0799 1.08356
94.1353 1.05613
94.1906 1.0286
94.2457 1.00105
94.3007 0.973562
94.3555 0.946229
94.4102 0.919131
94.4648 0.892349
94.5192 0.865961
94.5734 0.840046
94.6275 0.814676
94.6814 0.789922
94.7351 0.765853
94.7887 0.742532
94.8421 0.72002
94.8953 0.698375
94.9484 0.67765
95.0013 0.657896
95.054 0.639157
95.1066 0.621477
95.1589 0.604893
95.2112 0.58944
95.2632 0.575148
95.3151 0.562045
95.3668 0.550153
95.4185 0.539493
95.4699 0.530082
95.5213 0.521933
95.5725 0.515058
95.6237 0.509465
95.6748 0.505162
95.7258 0.502151
95.7768 0.500437
95.8277 0.500021
95.8786 0.500902
95.9296 0.503079
95.9806 0.506549
96.0317 0.511307
96.0828 0.517348
96.134 0.524664
96.1853 0.533244
96.2367 0.543075
96.2883 0.554144
96.3399 0.56643
96.3918 0.579915
96.4438 0.594572
96.4959 0.610374
96.5482 0.627289
96.6007 0.645283
96.6533 0.664315
96.7061 0.684344
96.7591 0.705322
96.8123 0.727199
96.8656 0.749921
96.9191 0.77343
96.9728 0.797664
97.0266 0.822559
97.0806 0.848047
97.1347 0.874057
97.1891 0.900514
97.2435 0.927343
97.2982 0.954463
97.353 0.981794
97.4079 1.00925
97.4629 1.03675
97.5182 1.06421
97.5735 1.09154
97.629 1.11865
97.6846 1.14546
97.7403 1.17187
97.7961 1.1978
97.852 1.22317
97.9081 1.24788
97.9642 1.27186
98.0205 1.29502
98.0768 1.31728
98.1332 1.33857
98.1897 1.3588
98.2463 1.37792
98.303 1.39585
98.3597 1.41253
98.4164 1.42789
98.4733 1.44189
98.5301 1.45448
98.5871 1.4656
98.644 1.47522
98.701 1.4833
98.758 1.48982
98.815 1.49474
98.8721 1.49806
98.9292 1.49976
98.9862 1.49983
99.0433 1.49827
99.1004 1.49509
99.1574 1.4903
99.2144 1.48392
99.2715 1.47597
99.3284 1.46647
99.3854 1.45547
99.4423 1.443
99.4992 1.42911
99.556 1.41384
99.6128 1.39726
99.6695 1.37941
99.7261 1.36037
99.7827 1.3402
99.8392 1.31897
99.8956 1.29675
99.9519 1.27363
100.008 1.24968
100.064 1.22498
100.12 1.19962
100.176 1.17369
100.232 1.14726
100.288 1.12043
100.343 1.09329
100.399 1.06593
100.454 1.03842
100.509 1.01087
100.564 0.983348
100.619 0.955951
100.674 0.928759
100.729 0.901855
100.783 0.875318
100.837 0.849226
100.891 0.823654
100.945 0.798672
100.999 0.774351
101.053 0.750756
101.106 0.727949
101.16 0.705989
101.213 0.68493
101.266 0.664824
101.318 0.645719
101.371 0.627656
101.423 0.610677
101.476 0.594817
101.528 0.580108
101.58 0.566578
101.632 0.554252
101.683 0.543151
101.735 0.533293
101.786 0.524693
101.837 0.517362
101.889 0.511312
101.94 0.506548
101.991 0.503076
102.042 0.500899
102.093 0.50002
102.144 0.500439
102.195 0.502154
102.246 0.505164
102.297 0.509463
102.348 0.515048
102.399 0.52191
102.45 0.530041
102.502 0.539428
102.553 0.550057
102.605 0.561912
102.656 0.574971
102.708 0.589213
102.76 0.604611
102.813 0.621133
102.865 0.638746
102.918 0.657413
102.97 0.677092
103.023 0.697737
103.076 0.7193
103.13 0.741727
103.183 0.764962
103.237 0.788945
103.291 0.813612
103.344 0.838897
103.399 0.864729
103.453 0.891036
103.507 0.917741
103.562 0.944766
103.617 0.972031
103.671 0.999454
103.726 1.02695
103.782 1.05443
103.837 1.08182
103.892 1.10902
103.948 1.13594
104.004 1.1625
104.059 1.18862
104.115 1.2142
104.171 1.23915
104.227 1.2634
104.284 1.28686
104.34 1.30945
104.396 1.33109
104.453 1.35171
104.509 1.37124
104.566 1.3896
104.623 1.40673
104.679 1.42257
104.736 1.43706
104.793 1.45015
104.85 1.4618
104.907 1.47196
104.964 1.4806
105.021 1.48768
105.078 1.49317
105.135 1.49706
105.192 1.49934
105.249 1.49999
105.306 1.49901
105.363 1.49641
105.42 1.4922
105.477 1.48638
105.534 1.47898
105.591 1.47003
105.648 1.45957
105.705 1.44761
105.762 1.43422
105.819 1.41944
105.876 1.40332
105.932 1.38592
105.989 1.36729
106.046 1.34752
106.102 1.32665
106.159 1.30478
106.215 1.28197
106.271 1.25831
106.327 1.23387
106.383 1.20873
106.439 1.18299
106.495 1.15673
106.551 1.13004
106.607 1.103
106.662 1.0757
106.718 1.04824
106.773 1.02069
106.828 0.993149
106.883 0.965699
106.938 0.938425
106.992 0.911409
107.047 0.884732
107.101 0.858473
107.155 0.832706
107.209 0.807506
107.263 0.782942
107.317 0.759081
107.37 0.735986
107.424 0.713717
107.477 0.692331
107.53 0.67188
107.583 0.652412
107.635 0.633973
107.688 0.616604
107.74 0.600341
107.792 0.585218
107.844 0.571265
107.896 0.558507
107.948 0.546967
108 0.536664
108.051 0.527614
108.102 0.519829
108.154 0.513322
108.205 0.508098
108.256 0.504165
108.307 0.501527
108.358 0.500185
108.409 0.500141
108.46 0.501394
108.511 0.503942
108.562 0.507783
108.613 0.51291
108.664 0.519318
108.715 0.526997
108.766 0.535938
108.818 0.546126
108.869 0.557546
108.921 0.570179
108.973 0.584002
109.025 0.598991
109.077 0.615116
109.13 0.632344
109.182 0.65064
109.235 0.669963
109.288 0.690269
109.341 0.71151
109.394 0.733636
109.447 0.756589
109.501 0.780313
109.555 0.804744
109.608 0.829816
109.662 0.855462
109.717 0.881607
109.771 0.908179
109.826 0.935099
109.88 0.962288
109.935 0.989665
109.99 1.01714
110.045 1.04464
110.1 1.07207
110.156 1.09935
110.211 1.12638
110.267 1.15308
110.323 1.17936
110.379 1.20514
110.434 1.23033
110.491 1.25484
110.547 1.27859
110.603 1.3015
110.659 1.32349
110.716 1.34448
110.772 1.36441
110.829 1.38319
110.886 1.40076
110.942 1.41707
110.999 1.43205
111.056 1.44565
111.113 1.45782
111.17 1.46851
111.227 1.4777
111.284 1.48533
111.341 1.4914
111.398 1.49586
111.455 1.49872
111.512 1.49995
111.569 1.49955
111.626 1.49753
111.683 1.49388
111.74 1.48864
111.797 1.4818
111.854 1.4734
111.911 1.46347
111.968 1.45204
112.025 1.43916
112.082 1.42487
112.139 1.40922
112.195 1.39226
112.252 1.37407
112.309 1.35469
112.365 1.33421
112.422 1.31269
112.478 1.29021
112.534 1.26684
112.591 1.24266
112.647 1.21777
112.703 1.19223
112.759 1.16615
112.814 1.1396
112.87 1.11267
112.926 1.08546
112.981 1.05804
113.036 1.03051
113.091 1.00296
113.146 0.975469
113.201 0.948123
113.256 0.921006
113.311 0.894199
113.365 0.867782
113.419 0.841831
113.473 0.816421
113.527 0.791622
113.581 0.767503
113.635 0.744128
113.688 0.721558
113.741 0.699851
113.794 0.679061
113.847 0.659237
113.9 0.640426
113.952 0.622671
114.005 0.60601
114.057 0.590477
114.109 0.576104
114.161 0.562917
114.213 0.55094
114.264 0.540194
114.316 0.530696
114.367 0.522459
114.419 0.515495
114.47 0.509813
114.521 0.505419
114.572 0.502319
114.623 0.500514
114.674 0.500008
114.725 0.500799
114.776 0.502886
114.827 0.506266
114.878 0.510935
114.929 0.516887
114.98 0.524114
115.031 0.532606
115.083 0.542352
115.134 0.553334
115.186 0.565537
115.238 0.578939
115.29 0.593515
115.342 0.609239
115.394 0.626078
115.447 0.643997
115.499 0.662959
115.552 0.68292
115.605 0.703833
115.658 0.72565
115.711 0.748315
115.765 0.771771
115.819 0.795957
115.872 0.820808
115.926 0.846258
115.981 0.872233
116.035 0.898662
116.089 0.925467
116.144 0.95257
116.199 0.979888
116.254 1.00734
116.309 1.03484
116.364 1.06231
116.419 1.08965
116.475 1.11678
116.53 1.1436
116.586 1.17005
116.642 1.19602
116.698 1.22142
116.754 1.24619
116.81 1.27022
116.866 1.29344
116.922 1.31576
116.979 1.33712
117.035 1.35743
117.092 1.37663
117.149 1.39464
117.205 1.41141
117.262 1.42687
117.319 1.44096
117.376 1.45365
117.433 1.46487
117.49 1.4746
117.547 1.48279
117.604 1.48942
117.661 1.49445
117.718 1.49788
117.775 1.49969
117.832 1.49988
117.889 1.49843
117.946 1.49537
118.003 1.49069
118.06 1.48442
118.117 1.47657
118.174 1.46718
118.231 1.45629
118.288 1.44392
118.345 1.43012
118.402 1.41495
118.458 1.39845
118.515 1.38069
118.572 1.36173
118.628 1.34164
118.685 1.32048
118.741 1.29833
118.798 1.27526
118.854 1.25137
118.91 1.22672
118.966 1.2014
119.022 1.17551
119.078 1.14911
119.133 1.12231
119.189 1.09519
119.244 1.06783
119.3 1.04034
119.355 1.01278
119.41 0.985258
119.465 0.95785
119.52 0.930642
119.574 0.903715
119.629 0.87715
119.683 0.851024
119.737 0.825413
119.791 0.800389
119.845 0.77602
119.899 0.752372
119.952 0.729508
120.005 0.707487
120.059 0.686364
120.112 0.66619
120.164 0.647014
120.217 0.628878
120.269 0.611822
120.322 0.595883
120.374 0.581093
120.426 0.56748
120.478 0.55507
120.529 0.543883
120.581 0.533938
120.632 0.52525
120.683 0.517831
120.735 0.511691
120.786 0.506837
120.837 0.503275
120.888 0.501009
120.939 0.50004
120.99 0.500368
121.041 0.501993
121.092 0.504913
121.143 0.509123
121.194 0.514618
121.245 0.521392
121.296 0.529435
121.348 0.538735
121.399 0.549278
121.451 0.561048
121.502 0.574025
121.554 0.588186
121.606 0.603503
121.659 0.619949
121.711 0.637487
121.764 0.656082
121.816 0.675692
121.869 0.696271
121.922 0.717772
121.976 0.740141
122.029 0.763322
122.083 0.787255
122.136 0.811877
122.19 0.837121
122.244 0.862917
122.299 0.889193
122.353 0.915873
122.408 0.942878
122.462 0.970129
122.517 0.997544
122.572 1.02504
122.627 1.05252
122.683 1.07992
122.738 1.10713
122.794 1.13408
122.849 1.16067
122.905 1.18682
122.961 1.21244
123.017 1.23744
123.073 1.26174
123.129 1.28526
123.186 1.30791
123.242 1.32962
123.298 1.35031
123.355 1.36992
123.412 1.38836
123.468 1.40558
123.525 1.42151
123.582 1.4361
123.639 1.44929
123.696 1.46104
123.752 1.47131
123.809 1.48005
123.866 1.48723
123.923 1.49284
123.981 1.49685
124.038 1.49924
124.095 1.5
124.152 1.49914
124.209 1.49665
124.266 1.49254
124.323 1.48684
124.38 1.47955
124.437 1.47071
124.494 1.46034
124.551 1.44849
124.608 1.4352
124.665 1.42051
124.721 1.40448
124.778 1.38717
124.835 1.36862
124.891 1.34893
124.948 1.32814
125.004 1.30633
125.061 1.28359
125.117 1.25998
125.173 1.23559
125.229 1.2105
125.285 1.1848
125.341 1.15857
125.397 1.13191
125.452 1.10489
125.508 1.07761
125.563 1.05015
125.618 1.02261
125.674 0.995062
125.729 0.967603
125.783 0.940314
125.838 0.913277
125.893 0.886574
125.947 0.860283
126.001 0.83448
126.055 0.809238
126.109 0.784628
126.163 0.760716
126.216 0.737566
126.27 0.715238
126.323 0.693788
126.376 0.673271
126.429 0.653733
126.481 0.635221
126.534 0.617776
126.586 0.601435
126.638 0.586232
126.69 0.572197
126.742 0.559355
126.794 0.54773
126.846 0.53734
126.897 0.528202
126.948 0.520329
127 0.513733
127.051 0.50842
127.102 0.504397
127.153 0.501668
127.204 0.500236
127.255 0.500102
127.306 0.501265
127.357 0.503723
127.408 0.507474
127.459 0.512512
127.51 0.518831
127.561 0.526422
127.612 0.535276
127.664 0.545377
127.715 0.556712
127.767 0.569262
127.819 0.583003
127.871 0.597912
127.923 0.613958
127.976 0.631111
128.028 0.649334
128.081 0.668587
128.134 0.688826
128.187 0.710004
128.24 0.73207
128.293 0.754968
128.347 0.77864
128.4 0.803024
128.454 0.828054
128.508 0.853661
128.562 0.879775
128.617 0.90632
128.671 0.933218
128.726 0.960391
128.781 0.987757
128.836 1.01523
128.891 1.04273
128.946 1.07017
129.001 1.09746
129.057 1.12451
129.113 1.15124
129.168 1.17755
129.224 1.20337
129.28 1.2286
129.336 1.25316
129.392 1.27697
129.449 1.29994
129.505 1.32199
129.561 1.34306
129.618 1.36306
129.675 1.38192
129.731 1.39958
129.788 1.41598
129.845 1.43105
129.902 1.44475
129.958 1.45702
130.015 1.46782
130.072 1.47711
130.129 1.48485
130.186 1.49103
130.243 1.4956
130.3 1.49857
130.358 1.49991
130.415 1.49963
130.472 1.49772
130.529 1.49419
130.586 1.48905
130.643 1.48233
130.7 1.47403
130.757 1.46421
130.814 1.45288
130.871 1.4401
130.927 1.4259
130.984 1.41035
131.041 1.39348
131.098 1.37537
131.154 1.35608
131.211 1.33567
131.267 1.31422
131.324 1.2918
131.38 1.26849
131.436 1.24437
131.492 1.21952
131.548 1.19403
131.604 1.16798
131.66 1.14146
131.716 1.11456
131.771 1.08736
131.827 1.05995
131.882 1.03243
131.937 1.00488
131.992 0.977377
132.047 0.950018
132.102 0.922882
132.156 0.896051
132.211 0.869604
132.265 0.843619
132.319 0.818169
132.373 0.793325
132.427 0.769156
132.48 0.745728
132.534 0.7231
132.587 0.701331
132.64 0.680475
132.693 0.660583
132.746 0.641701
132.798 0.623871
132.851 0.607132
132.903 0.59152
132.955 0.577065
133.007 0.563795
133.059 0.551733
133.11 0.540901
133.162 0.531315
133.213 0.52299
133.265 0.515938
133.316 0.510166
133.367 0.505683
133.418 0.502492
133.469 0.500598
133.52 0.500001
133.571 0.500702
133.622 0.502699
133.673 0.505989
133.724 0.510569
133.775 0.516432
133.826 0.523571
133.877 0.531975
133.929 0.541634
133.98 0.552531
134.032 0.56465
134.084 0.577969
134.136 0.592464
134.188 0.608109
134.24 0.624872
134.292 0.642717
134.345 0.661608
134.398 0.681501
134.451 0.70235
134.504 0.724105
134.557 0.746713
134.611 0.770116
134.664 0.794253
134.718 0.81906
134.772 0.84447
134.826 0.870412
134.881 0.896811
134.935 0.923593
134.99 0.950677
135.044 0.977984
135.099 1.00543
135.154 1.03293
135.21 1.0604
135.265 1.08775
135.32 1.1149
135.376 1.14175
135.432 1.16822
135.487 1.19423
135.543 1.21968
135.599 1.24449
135.656 1.26857
135.712 1.29185
135.768 1.31424
135.824 1.33567
135.881 1.35605
135.938 1.37533
135.994 1.39343
136.051 1.41028
136.108 1.42584
136.164 1.44003
136.221 1.45281
136.278 1.46414
136.335 1.47397
136.392 1.48227
136.449 1.48901
136.506 1.49416
136.563 1.4977
136.62 1.49962
136.677 1.49992
136.734 1.49859
136.792 1.49563
136.849 1.49107
136.906 1.4849
136.963 1.47717
137.02 1.46789
137.077 1.45709
137.134 1.44482
137.19 1.43112
137.247 1.41605
137.304 1.39964
137.361 1.38197
137.417 1.36309
137.474 1.34307
137.53 1.32198
137.587 1.2999
137.643 1.2769
137.699 1.25306
137.756 1.22846
137.812 1.20318
137.868 1.17732
137.923 1.15096
137.979 1.12419
138.035 1.09708
138.09 1.06974
138.145 1.04225
138.201 1.0147
138.256 0.987169
138.311 0.95975
138.365 0.932525
138.42 0.905576
138.475 0.878984
138.529 0.852825
138.583 0.827176
138.637 0.802108
138.691 0.777691
138.744 0.753991
138.798 0.731071
138.851 0.70899
138.904 0.687803
138.957 0.667561
139.01 0.648314
139.063 0.630104
139.115 0.612972
139.168 0.596955
139.22 0.582084
139.272 0.568388
139.324 0.555893
139.375 0.544621
139.427 0.534589
139.478 0.525813
139.529 0.518305
139.581 0.512076
139.632 0.507133
139.683 0.503481
139.734 0.501124
139.785 0.500065
139.836 0.500303
139.887 0.501838
139.938 0.504668
139.989 0.508788
140.04 0.514195
140.091 0.52088
140.142 0.528835
140.194 0.538048
140.245 0.548505
140.297 0.56019
140.348 0.573084
140.4 0.587163
140.452 0.602402
140.505 0.618769
140.557 0.636233
140.61 0.654756
140.662 0.674296
140.715 0.69481
140.768 0.716248
140.821 0.738558
140.875 0.761685
140.928 0.785568
140.982 0.810144
141.036 0.835347
141.09 0.861107
141.144 0.887352
141.199 0.914006
141.253 0.940992
141.308 0.968228
141.363 0.995634
141.418 1.02312
141.473 1.05062
141.528 1.07802
141.584 1.10525
141.639 1.13222
141.695 1.15884
141.751 1.18502
141.807 1.21067
141.863 1.23572
141.919 1.26007
141.975 1.28365
142.031 1.30636
142.088 1.32814
142.144 1.34891
142.201 1.36859
142.257 1.38712
142.314 1.40442
142.371 1.42044
142.427 1.43513
142.484 1.44842
142.541 1.46027
142.598 1.47064
142.655 1.47949
142.712 1.48679
142.769 1.4925
142.826 1.49662
142.883 1.49912
142.94 1.5
142.997 1.49925
143.054 1.49687
143.111 1.49288
143.168 1.48728
143.226 1.48011
143.283 1.47137
143.339 1.46111
143.396 1.44936
143.453 1.43617
143.51 1.42158
143.567 1.40564
143.624 1.38841
143.68 1.36995
143.737 1.35033
143.793 1.32962
143.85 1.30788
143.906 1.2852
143.963 1.26165
144.019 1.23731
144.075 1.21227
144.131 1.18661
144.187 1.16041
144.242 1.13377
144.298 1.10678
144.354 1.07951
144.409 1.05206
144.464 1.02452
144.519 0.996975
144.574 0.969507
144.629 0.942204
144.684 0.915147
144.738 0.888418
144.793 0.862096
144.847 0.836257
144.901 0.810974
144.955 0.786317
145.009 0.762354
145.062 0.739149
145.115 0.716762
145.169 0.69525
145.222 0.674666
145.275 0.655059
145.327 0.636474
145.38 0.618954
145.432 0.602535
145.484 0.587252
145.536 0.573134
145.588 0.560209
145.64 0.548498
145.692 0.538022
145.743 0.528797
145.794 0.520836
145.846 0.51415
145.897 0.508747
145.948 0.504635
145.999 0.501816
146.05 0.500294
146.101 0.500069
146.152 0.501142
146.203 0.503511
146.254 0.507172
146.305 0.51212
146.356 0.51835
146.407 0.525854
146.458 0.534619
146.51 0.544635
146.561 0.555885
146.613 0.56835
146.665 0.582009
146.717 0.596838
146.769 0.612807
146.821 0.629884
146.874 0.648033
146.927 0.667216
146.979 0.687388
147.032 0.708502
147.086 0.730508
147.139 0.75335
147.192 0.77697
147.246 0.801307
147.3 0.826294
147.354 0.851864
147.408 0.877944
147.463 0.904461
147.517 0.931338
147.572 0.958495
147.627 0.98585
147.681 1.01332
147.737 1.04082
147.792 1.06826
147.847 1.09557
147.903 1.12264
147.958 1.14939
148.014 1.17574
148.07 1.20159
148.126 1.22687
148.182 1.25148
148.238 1.27534
148.294 1.29837
148.351 1.32049
148.407 1.34163
148.464 1.3617
148.52 1.38065
148.577 1.3984
148.634 1.41488
148.69 1.43005
148.747 1.44384
148.804 1.45621
148.861 1.46712
148.918 1.47651
148.975 1.48436
149.032 1.49065
149.089 1.49534
149.146 1.49842
149.203 1.49987
149.26 1.4997
149.317 1.49791
149.374 1.49449
149.431 1.48946
149.488 1.48284
149.545 1.47466
149.602 1.46494
149.659 1.45372
149.716 1.44104
149.773 1.42694
149.83 1.41147
149.887 1.3947
149.943 1.37667
150 1.35746
150.057 1.33712
150.113 1.31574
150.169 1.29339
150.226 1.27014
150.282 1.24607
150.338 1.22127
150.394 1.19582
150.45 1.16981
150.506 1.14332
150.561 1.11644
150.617 1.08926
150.672 1.06186
150.728 1.03435
150.783 1.00679
150.838 0.979286
150.893 0.951914
150.948 0.92476
151.002 0.897905
151.057 0.871429
151.111 0.845409
151.165 0.819919
151.219 0.795031
151.273 0.770814
151.326 0.747331
151.38 0.724646
151.433 0.702816
151.486 0.681895
151.539 0.661934
151.592 0.64298
151.644 0.625076
151.697 0.60826
151.749 0.592568
151.801 0.578032
151.853 0.564679
151.905 0.552532
151.956 0.541614
152.008 0.531941
152.059 0.523528
152.111 0.516387
152.162 0.510526
152.213 0.505953
152.264 0.502672
152.315 0.500688
152.366 0.500001
152.417 0.500611
152.468 0.502518
152.519 0.505718
152.57 0.510209
152.621 0.515983
152.672 0.523033
152.723 0.53135
152.775 0.540922
152.826 0.551734
152.878 0.563768
152.93 0.577004
152.982 0.591419
153.034 0.606985
153.086 0.623671
153.138 0.641442
153.191 0.660261
153.244 0.680086
153.297 0.70087
153.35 0.722564
153.403 0.745114
153.457 0.768464
153.51 0.792552
153.564 0.817315
153.618 0.842686
153.672 0.868592
153.726 0.894963
153.781 0.92172
153.835 0.948786
153.89 0.97608
153.945 1.00352
154 1.03102
154.055 1.05849
154.111 1.08586
154.166 1.11302
154.222 1.1399
154.277 1.1664
154.333 1.19244
154.389 1.21793
154.445 1.24278
154.501 1.26692
154.557 1.29026
154.614 1.31271
154.67 1.33421
154.727 1.35467
154.783 1.37403
154.84 1.39221
154.896 1.40915
154.953 1.4248
155.01 1.43909
155.067 1.45197
155.124 1.4634
155.181 1.47334
155.238 1.48174
155.295 1.48859
155.352 1.49385
155.409 1.4975
155.466 1.49954
155.523 1.49995
155.58 1.49873
155.637 1.49589
155.694 1.49144
155.751 1.48538
155.808 1.47776
155.865 1.46858
155.922 1.45789
155.979 1.44572
156.036 1.43212
156.093 1.41714
156.15 1.40082
156.206 1.38324
156.263 1.36444
156.32 1.3445
156.376 1.32348
156.432 1.30146
156.489 1.27852
156.545 1.25474
156.601 1.23019
156.657 1.20496
156.713 1.17914
156.769 1.15281
156.825 1.12606
156.88 1.09898
156.936 1.07165
156.991 1.04417
157.046 1.01661
157.08 1
