A:
[
  -3.43816   0.798593   -2.61468    3.63255 
  0.798593   -2.11078    4.84152  -0.408394 
  -2.61468    4.84152    2.93063   -4.06726 
   3.63255  -0.408394   -4.06726     4.0414 
]

Eigenvalues:
[ -6.54628 -4.01629 9.99435 1.99132 ]

V:
[
  0.621497   0.681173  -0.286249   0.260397 
 -0.626593   0.468271   0.266234   0.563226 
  0.466628  -0.334815    0.65864    0.48616 
-0.0581451  -0.452355  -0.642942    0.61532 
]

D:
[
  -6.54628          0          0          0 
         0   -4.01629          0          0 
         0          0    9.99435          0 
         0          0          0    1.99132 
]

V^T A V:
[
  -6.54628          0          0          0 
         0   -4.01629          0          0 
         0          0    9.99435          0 
         0          0          0    1.99132 
]

V D V^T:
[
  -3.43816   0.798593   -2.61468    3.63255 
  0.798593   -2.11078    4.84152  -0.408394 
  -2.61468    4.84152    2.93063   -4.06726 
   3.63255  -0.408394   -4.06726     4.0414 
]

V^T V:
[
         1          0          0          0 
         0          1          0          0 
         0          0          1          0 
         0          0          0          1 
]

V V^T:
[
         1          0          0          0 
         0          1          0          0 
         0          0          1          0 
         0          0          0          1 
]
