# r num1 ana1 num2 ana2 num3 ana3
0.05 0.0950663 0.0951229 0.0397224 0.0336204 0.0482599 0.0182995
0.1 0.180863 0.180967 0.0754949 0.063899 0.0916717 0.0347739
0.15 0.258069 0.258212 0.107535 0.0910219 0.130458 0.0495189
0.2 0.327318 0.327492 0.136052 0.115167 0.164836 0.0626267
0.25 0.389201 0.3894 0.161244 0.136504 0.195018 0.074186
0.3 0.444272 0.444491 0.183302 0.155196 0.22121 0.0842818
0.35 0.493049 0.493282 0.202408 0.171398 0.243615 0.0929962
0.4 0.536015 0.536256 0.218737 0.185258 0.262428 0.100408
0.45 0.573619 0.573865 0.232455 0.196917 0.27784 0.106591
0.5 0.606283 0.606531 0.243721 0.206511 0.290039 0.11162
0.55 0.634399 0.634645 0.252688 0.214168 0.299204 0.115564
0.6 0.658332 0.658574 0.259499 0.220012 0.305513 0.118489
0.65 0.678425 0.67866 0.264295 0.224159 0.309136 0.120459
0.7 0.694993 0.695219 0.267207 0.226722 0.31024 0.121536
0.75 0.708334 0.70855 0.268361 0.227806 0.308986 0.121778
0.8 0.718722 0.718926 0.267877 0.227514 0.305531 0.121242
0.85 0.726414 0.726605 0.265869 0.225942 0.300027 0.119981
0.9 0.731648 0.731825 0.262448 0.223181 0.29262 0.118048
0.95 0.734645 0.734808 0.257717 0.21932 0.283455 0.115492
1 0.735611 0.735759 0.251775 0.214441 0.272667 0.11236
1.05 0.734737 0.734869 0.244715 0.208624 0.260392 0.108697
1.1 0.7322 0.732316 0.236629 0.201943 0.246758 0.104547
1.15 0.728164 0.728265 0.2276 0.19447 0.23189 0.09995
1.2 0.722781 0.722866 0.21771 0.186273 0.215907 0.0949463
1.25 0.716193 0.716262 0.207036 0.177416 0.198926 0.0895732
1.3 0.708529 0.708583 0.19565 0.16796 0.181058 0.0838666
1.35 0.69991 0.699949 0.183622 0.157962 0.162411 0.0778605
1.4 0.690448 0.690471 0.171018 0.147478 0.143089 0.0715876
1.45 0.680244 0.680254 0.157899 0.13656 0.12319 0.0650787
1.5 0.669395 0.66939 0.144325 0.125255 0.10281 0.0583634
1.55 0.657987 0.657969 0.130351 0.113611 0.0820401 0.0514697
1.6 0.6461 0.646069 0.116031 0.101672 0.0609682 0.0444241
1.65 0.633808 0.633765 0.101413 0.0894775 0.0396779 0.0372519
1.7 0.62118 0.621124 0.0865444 0.0770681 0.0182492 0.0299771
1.75 0.608276 0.608209 0.0714705 0.0644801 -0.00324151 0.0226223
1.8 0.595154 0.595076 0.0562328 0.0517479 -0.0247215 0.0152091
1.85 0.581866 0.581778 0.0408705 0.0389041 -0.0461214 0.00775778
1.9 0.568459 0.568361 0.0254208 0.0259794 -0.0673757 0.000287551
1.95 0.554976 0.554869 0.00991859 0.0130024 -0.0884218 -0.00718344
2 0.541457 0.541341 -0.00560349 0 -0.109201 -0.0146381
2.05 0.527937 0.527813 -0.0211147 -0.0130025 -0.129657 -0.0220603
2.1 0.514448 0.514317 -0.0365863 -0.0259816 -0.149738 -0.0294349
2.15 0.50102 0.500882 -0.0519915 -0.0389151 -0.169393 -0.0367477
2.2 0.487678 0.487534 -0.0673051 -0.0517826 -0.188577 -0.0439853
2.25 0.474447 0.474297 -0.0825036 -0.0645649 -0.207247 -0.0511352
2.3 0.461346 0.461191 -0.0975653 -0.0772441 -0.225361 -0.0581857
2.35 0.448395 0.448235 -0.11247 -0.0898038 -0.242882 -0.065126
2.4 0.435611 0.435446 -0.127199 -0.102229 -0.259776 -0.0719459
2.45 0.423007 0.422839 -0.141734 -0.114505 -0.27601 -0.0786359
2.5 0.410597 0.410425 -0.15606 -0.126618 -0.291554 -0.0851873
2.55 0.398391 0.398216 -0.170162 -0.138558 -0.306381 -0.0915921
2.6 0.3864 0.386223 -0.184027 -0.150313 -0.320468 -0.0978428
2.65 0.374631 0.374451 -0.197641 -0.161873 -0.333793 -0.103933
2.7 0.363091 0.36291 -0.210994 -0.173228 -0.346334 -0.109855
2.75 0.351786 0.351603 -0.224075 -0.184372 -0.358077 -0.115605
2.8 0.340721 0.340536 -0.236875 -0.195295 -0.369004 -0.121176
2.85 0.329898 0.329713 -0.249385 -0.205991 -0.379104 -0.126565
2.9 0.31932 0.319135 -0.261599 -0.216455 -0.388365 -0.131768
2.95 0.30899 0.308804 -0.273509 -0.226682 -0.39678 -0.136779
3 0.298908 0.298722 -0.28511 -0.236665 -0.40434 -0.141597
3.05 0.289075 0.288889 -0.296396 -0.246402 -0.411042 -0.146218
3.1 0.27949 0.279305 -0.307364 -0.25589 -0.416882 -0.15064
3.15 0.270152 0.269968 -0.318009 -0.265124 -0.421859 -0.154861
3.2 0.261061 0.260878 -0.328329 -0.274104 -0.425974 -0.158879
3.25 0.252214 0.252032 -0.338321 -0.282826 -0.429228 -0.162693
3.3 0.243609 0.243429 -0.347983 -0.291291 -0.431626 -0.166303
3.35 0.235244 0.235065 -0.357314 -0.299496 -0.433173 -0.169706
3.4 0.227115 0.226938 -0.366314 -0.307441 -0.433875 -0.172903
3.45 0.21922 0.219045 -0.374981 -0.315126 -0.433741 -0.175894
3.5 0.211555 0.211382 -0.383316 -0.322551 -0.43278 -0.178679
3.55 0.204116 0.203945 -0.39132 -0.329718 -0.431002 -0.181258
3.6 0.196899 0.196731 -0.398993 -0.336626 -0.428421 -0.183633
3.65 0.189901 0.189735 -0.406337 -0.343277 -0.425049 -0.185803
3.7 0.183118 0.182954 -0.413354 -0.349672 -0.4209 -0.187771
3.75 0.176544 0.176383 -0.420045 -0.355813 -0.415991 -0.189536
3.8 0.170176 0.170018 -0.426413 -0.361703 -0.410336 -0.191102
3.85 0.16401 0.163854 -0.43246 -0.367342 -0.403954 -0.19247
3.9 0.15804 0.157887 -0.43819 -0.372734 -0.396863 -0.193641
3.95 0.152262 0.152112 -0.443605 -0.377881 -0.389081 -0.194617
4 0.146672 0.146525 -0.448708 -0.382786 -0.380629 -0.195402
4.05 0.141265 0.141121 -0.453504 -0.387452 -0.371528 -0.195996
4.1 0.136037 0.135896 -0.457995 -0.391881 -0.361797 -0.196403
4.15 0.130983 0.130845 -0.462187 -0.396078 -0.351461 -0.196625
4.2 0.126098 0.125963 -0.466082 -0.400045 -0.34054 -0.196664
4.25 0.121378 0.121246 -0.469685 -0.403785 -0.329058 -0.196524
4.3 0.116818 0.11669 -0.473 -0.407304 -0.317039 -0.196208
4.35 0.112415 0.112289 -0.476032 -0.410603 -0.304506 -0.195718
4.4 0.108163 0.108041 -0.478785 -0.413686 -0.291484 -0.195057
4.45 0.104058 0.103939 -0.481264 -0.416558 -0.277997 -0.194229
4.5 0.100097 0.099981 -0.483474 -0.419223 -0.264071 -0.193236
4.55 0.0962744 0.0961616 -0.485419 -0.421684 -0.249731 -0.192083
4.6 0.0925865 0.0924769 -0.487105 -0.423944 -0.235002 -0.190772
4.65 0.0890294 0.0889229 -0.488536 -0.426009 -0.21991 -0.189306
4.7 0.0855989 0.0854956 -0.489716 -0.427883 -0.204482 -0.18769
4.75 0.0822913 0.0821911 -0.490653 -0.429568 -0.188742 -0.185925
4.8 0.0791026 0.0790056 -0.491349 -0.43107 -0.172718 -0.184017
4.85 0.0760292 0.0759353 -0.49181 -0.432392 -0.156435 -0.181969
4.9 0.0730673 0.0729765 -0.492042 -0.433538 -0.139918 -0.179783
4.95 0.0702135 0.0701257 -0.49205 -0.434514 -0.123196 -0.177464
5 0.0674641 0.0673795 -0.491837 -0.435321 -0.106292 -0.175014
5.05 0.0648158 0.0647343 -0.491411 -0.435966 -0.0892335 -0.172439
5.1 0.0622653 0.0621868 -0.490774 -0.436451 -0.0720459 -0.16974
5.15 0.0598093 0.0597339 -0.489934 -0.436782 -0.0547547 -0.166922
5.2 0.0574447 0.0573723 -0.488894 -0.436961 -0.0373853 -0.163989
5.25 0.0551684 0.0550989 -0.487659 -0.436993 -0.0199629 -0.160944
5.3 0.0529773 0.0529109 -0.486235 -0.436882 -0.00251239 -0.157789
5.35 0.0508687 0.0508052 -0.484627 -0.436632 0.0149417 -0.15453
5.4 0.0488396 0.0487791 -0.482839 -0.436247 0.0323749 -0.15117
5.45 0.0468872 0.0468297 -0.480876 -0.435731 0.0497634 -0.147711
5.5 0.0450091 0.0449545 -0.478743 -0.435087 0.0670835 -0.144158
5.55 0.0432024 0.0431508 -0.476445 -0.434319 0.0843119 -0.140514
5.6 0.0414648 0.0414161 -0.473987 -0.433432 0.101426 -0.136782
5.65 0.0397937 0.0397479 -0.471372 -0.432429 0.118403 -0.132966
5.7 0.0381869 0.038144 -0.468606 -0.431313 0.135221 -0.12907
5.75 0.0366419 0.036602 -0.465693 -0.430088 0.151859 -0.125096
5.8 0.0351567 0.0351196 -0.462638 -0.428758 0.168295 -0.121048
5.85 0.033729 0.0336948 -0.459445 -0.427327 0.184509 -0.116929
5.9 0.0323567 0.0323254 -0.456119 -0.425797 0.200481 -0.112743
5.95 0.0310378 0.0310095 -0.452663 -0.424173 0.216192 -0.108493
6 0.0297704 0.029745 -0.449082 -0.422457 0.231622 -0.104181
6.05 0.0285526 0.0285301 -0.44538 -0.420654 0.246754 -0.0998118
6.1 0.0273825 0.027363 -0.441561 -0.418765 0.261568 -0.0953878
6.15 0.0262584 0.0262418 -0.437629 -0.416795 0.276049 -0.090912
6.2 0.0251785 0.0251649 -0.433588 -0.414747 0.290179 -0.0863876
6.25 0.0241413 0.0241307 -0.429442 -0.412623 0.303942 -0.0818175
6.3 0.023145 0.0231374 -0.425194 -0.410427 0.317323 -0.0772047
6.35 0.0221882 0.0221837 -0.420849 -0.408162 0.330308 -0.072552
6.4 0.0212694 0.0212679 -0.41641 -0.405831 0.342881 -0.0678624
6.45 0.0203871 0.0203887 -0.41188 -0.403436 0.35503 -0.0631386
6.5 0.0195399 0.0195447 -0.407263 -0.400981 0.366741 -0.0583834
6.55 0.0187265 0.0187345 -0.402563 -0.398468 0.378003 -0.0535994
6.6 0.0179456 0.0179569 -0.397782 -0.3959 0.388803 -0.0487895
6.65 0.0171959 0.0172105 -0.392924 -0.393279 0.399131 -0.0439561
6.7 0.0164763 0.0164942 -0.387993 -0.390608 0.408976 -0.0391019
6.75 0.0157855 0.0158069 -0.38299 -0.38789 0.418329 -0.0342294
6.8 0.0151225 0.0151473 -0.37792 -0.385127 0.427182 -0.029341
6.85 0.0144862 0.0145145 -0.372785 -0.382321 0.435524 -0.0244392
6.9 0.0138755 0.0139074 -0.367589 -0.379476 0.44335 -0.0195264
6.95 0.0132893 0.013325 -0.362333 -0.376593 0.450652 -0.0146048
7 0.0127269 0.0127663 -0.357021 -0.373674 0.457424 -0.00967673
7.05 0.0121871 0.0122305 -0.351655 -0.370721 0.46366 -0.00474446
7.1 0.0116691 0.0117165 -0.346238 -0.367738 0.469355 0.000189864
7.15 0.0111721 0.0112236 -0.340772 -0.364725 0.474505 0.00512411
7.2 0.0106952 0.0107508 -0.33526 -0.361685 0.479106 0.0100562
7.25 0.0102376 0.0102975 -0.329705 -0.35862 0.483156 0.0149841
7.3 0.00979845 0.00986287 -0.324108 -0.355532 0.486652 0.0199058
7.35 0.0093771 0.00944611 -0.318472 -0.352423 0.489592 0.0248195
7.4 0.00897281 0.00904654 -0.312799 -0.349294 0.491975 0.0297231
7.45 0.00858487 0.00866348 -0.30709 -0.346147 0.4938 0.0346149
7.5 0.00821261 0.00829627 -0.301349 -0.342985 0.495069 0.0394932
7.55 0.00785541 0.00794426 -0.295577 -0.339808 0.495781 0.044356
7.6 0.00751262 0.00760686 -0.289776 -0.336618 0.495939 0.0492018
7.65 0.00718366 0.00728348 -0.283948 -0.333418 0.495543 0.0540289
7.7 0.00686796 0.00697354 -0.278094 -0.330207 0.494597 0.0588358
7.75 0.00656495 0.00667651 -0.272216 -0.326989 0.493104 0.0636207
7.8 0.00627411 0.00639187 -0.266316 -0.323764 0.491067 0.0683823
7.85 0.00599493 0.00611911 -0.260396 -0.320534 0.488491 0.073119
7.9 0.0057269 0.00585775 -0.254457 -0.317301 0.485381 0.0778295
7.95 0.00546956 0.00560733 -0.2485 -0.314064 0.481742 0.0825124
8 0.00522244 0.0053674 -0.242527 -0.310827 0.477579 0.0871663
8.05 0.00498511 0.00513754 -0.236539 -0.307589 0.472899 0.0917899
8.1 0.00475714 0.00491733 -0.230538 -0.304353 0.46771 0.096382
8.15 0.00453811 0.00470639 -0.224524 -0.301119 0.462018 0.100941
8.2 0.00432764 0.00450432 -0.218499 -0.297888 0.455832 0.105467
8.25 0.00412534 0.00431077 -0.212464 -0.294662 0.449159 0.109957
8.3 0.00393085 0.00412538 -0.20642 -0.291442 0.442009 0.114412
8.35 0.00374381 0.00394782 -0.200369 -0.288228 0.434391 0.118829
8.4 0.00356389 0.00377777 -0.19431 -0.285021 0.426313 0.123208
8.45 0.00339074 0.00361492 -0.188245 -0.281824 0.417788 0.127548
8.5 0.00322406 0.00345896 -0.182175 -0.278635 0.408824 0.131848
8.55 0.00306354 0.00330962 -0.176101 -0.275457 0.399432 0.136107
8.6 0.00290889 0.00316662 -0.170022 -0.27229 0.389625 0.140324
8.65 0.00275981 0.00302969 -0.163941 -0.269134 0.379413 0.144499
8.7 0.00261603 0.00289859 -0.157858 -0.265992 0.368808 0.14863
8.75 0.00247728 0.00277307 -0.151773 -0.262862 0.357823 0.152717
8.8 0.0023433 0.0026529 -0.145686 -0.259747 0.346469 0.15676
8.85 0.00221385 0.00253786 -0.139599 -0.256647 0.334761 0.160757
8.9 0.00208868 0.00242772 -0.133512 -0.253562 0.32271 0.164707
8.95 0.00196756 0.0023223 -0.127425 -0.250493 0.310331 0.168611
9 0.00185025 0.00222138 -0.121339 -0.24744 0.297636 0.172467
9.05 0.00173653 0.00212478 -0.115254 -0.244405 0.28464 0.176276
9.1 0.0016262 0.00203232 -0.10917 -0.241388 0.271356 0.180036
9.15 0.00151903 0.00194382 -0.103088 -0.238388 0.2578 0.183747
9.2 0.00141483 0.00185912 -0.0970077 -0.235408 0.243984 0.187409
9.25 0.0013134 0.00177807 -0.0909293 -0.232446 0.229925 0.191021
9.3 0.00121453 0.00170049 -0.084853 -0.229505 0.215636 0.194583
9.35 0.00111805 0.00162625 -0.0787789 -0.226583 0.201133 0.198095
9.4 0.00102376 0.00155521 -0.0727071 -0.223682 0.18643 0.201555
9.45 0.000931491 0.00148723 -0.0666376 -0.220801 0.171543 0.204964
9.5 0.000841052 0.00142218 -0.0605704 -0.217942 0.156486 0.208322
9.55 0.000752272 0.00135994 -0.0545055 -0.215104 0.141276 0.211628
9.6 0.000664978 0.00130039 -0.0484429 -0.212288 0.125927 0.214882
9.65 0.000578998 0.00124341 -0.0423823 -0.209495 0.110455 0.218083
9.7 0.000494166 0.0011889 -0.0363236 -0.206723 0.0948755 0.221233
9.75 0.000410313 0.00113675 -0.0302667 -0.203974 0.0792036 0.224329
9.8 0.000327275 0.00108685 -0.0242113 -0.201249 0.0634548 0.227373
9.85 0.000244887 0.00103912 -0.0181573 -0.198546 0.0476447 0.230364
9.9 0.000162987 0.000993459 -0.0121043 -0.195866 0.0317886 0.233303
9.95 8.14125e-05 0.00094978 -0.00605195 -0.19321 0.0159019 0.236188
