-1 0.353227 0.350129 0.192498 0.398446 -15.5455 0.00030032
-0.99 0.354636 0.353339 0.0885032 0.243702 -15.3932 0.00381895
-0.98 0.354983 0.355009 -0.0197209 0.0907555 -15.1888 0.00736196
-0.97 0.354228 0.355161 -0.131918 -0.0599521 -14.9478 0.0109141
-0.96 0.352332 0.353819 -0.247806 -0.208125 -14.6841 0.0144602
-0.95 0.34926 0.351008 -0.367079 -0.353601 -14.4104 0.0179855
-0.94 0.34498 0.346756 -0.489407 -0.496334 -14.137 0.0214756
-0.93 0.339463 0.34109 -0.614437 -0.636371 -13.8725 0.0249159
-0.92 0.332684 0.334037 -0.741791 -0.773835 -13.623 0.0282927
-0.91 0.324621 0.325621 -0.871072 -0.908895 -13.3924 0.0315921
-0.9 0.315257 0.315866 -1.00186 -1.04175 -13.1822 0.0348007
-0.89 0.30458 0.304793 -1.13373 -1.17261 -12.992 0.0379051
-0.88 0.292581 0.29242 -1.2662 -1.30165 -12.8193 0.0408922
-0.87 0.279256 0.278765 -1.39883 -1.42904 -12.6598 0.0437492
-0.86 0.264606 0.263845 -1.5311 -1.55487 -12.508 0.0464633
-0.85 0.248636 0.247673 -1.66254 -1.6792 -12.3571 0.0490219
-0.84 0.231359 0.230266 -1.79262 -1.80199 -12.1996 0.0514126
-0.83 0.21279 0.211639 -1.92082 -1.92314 -12.0273 0.0536232
-0.82 0.192951 0.191809 -2.04662 -2.04246 -11.8321 0.0556414
-0.81 0.171868 0.170796 -2.16947 -2.15968 -11.6059 0.0574554
-0.8 0.149573 0.148623 -2.28885 -2.27445 -11.341 0.0590535
-0.79 0.126104 0.125317 -2.40421 -2.38635 -11.0303 0.0604241
-0.78 0.101504 0.100908 -2.51501 -2.49488 -10.6677 0.0615561
-0.77 0.0758208 0.0754322 -2.62072 -2.59951 -10.248 0.0624387
-0.76 0.0491083 0.0489324 -2.72081 -2.69964 -9.76705 0.0630614
-0.75 0.0214251 0.0214564 -2.81476 -2.79464 -9.22198 0.0634141
-0.74 -0.00716481 -0.00694115 -2.90206 -2.88386 -8.61111 0.0634874
-0.73 -0.0365924 -0.0361993 -2.98222 -2.96664 -7.93398 0.0632724
-0.72 -0.0667838 -0.0662503 -3.05475 -3.04232 -7.19132 0.0627608
-0.71 -0.0976604 -0.0970199 -3.11919 -3.11026 -6.38492 0.061945
-0.7 -0.129139 -0.128427 -3.1751 -3.16982 -5.51764 0.0608183
-0.69 -0.161132 -0.160386 -3.22206 -3.22042 -4.59319 0.0593746
-0.68 -0.193549 -0.192804 -3.25968 -3.26151 -3.61607 0.057609
-0.67 -0.226294 -0.225583 -3.28759 -3.29258 -2.59144 0.0555173
-0.66 -0.259268 -0.258621 -3.30546 -3.31319 -1.52492 0.0530965
-0.65 -0.292369 -0.291811 -3.31299 -3.32296 -0.422542 0.0503444
-0.64 -0.325492 -0.325043 -3.30989 -3.32155 0.709462 0.0472601
-0.63 -0.35853 -0.358204 -3.29595 -3.30869 1.86472 0.0438438
-0.62 -0.391374 -0.391178 -3.27096 -3.2842 3.03686 0.0400967
-0.61 -0.423912 -0.423848 -3.23477 -3.24792 4.21959 0.0360212
-0.6 -0.456032 -0.456097 -3.18725 -3.19979 5.40679 0.0316211
-0.59 -0.487619 -0.487804 -3.12835 -3.13979 6.59255 0.0269011
-0.58 -0.518561 -0.518853 -3.05802 -3.06796 7.77125 0.0218672
-0.57 -0.548741 -0.549125 -2.97627 -2.98441 8.93757 0.0165266
-0.56 -0.578048 -0.578503 -2.88318 -2.88927 10.0865 0.0108877
-0.55 -0.606368 -0.606872 -2.77883 -2.78275 11.2134 0.00495994
-0.54 -0.633588 -0.63412 -2.66339 -2.66509 12.3139 -0.001246
-0.53 -0.659599 -0.660138 -2.53705 -2.53657 13.384 -0.00771836
-0.52 -0.684293 -0.684817 -2.40004 -2.39752 14.4199 -0.0144443
-0.51 -0.707565 -0.708054 -2.25267 -2.2483 15.418 -0.0214099
-0.5 -0.729313 -0.72975 -2.09526 -2.0893 16.3751 -0.0286002
-0.49 -0.749438 -0.749809 -1.9282 -1.92094 17.2881 -0.0359994
-0.48 -0.767846 -0.768139 -1.75191 -1.74369 18.154 -0.0435907
-0.47 -0.784447 -0.784655 -1.56685 -1.55803 18.97 -0.0513562
-0.46 -0.799156 -0.799274 -1.37353 -1.36447 19.7332 -0.0592774
-0.45 -0.811892 -0.81192 -1.17251 -1.16355 20.4411 -0.0673351
-0.44 -0.822582 -0.822522 -0.96437 -0.955841 21.091 -0.075509
-0.43 -0.831158 -0.831016 -0.749736 -0.741933 21.6802 -0.0837785
-0.42 -0.837558 -0.837342 -0.529267 -0.522447 22.2063 -0.0921221
-0.41 -0.841726 -0.841448 -0.303654 -0.298027 22.6666 -0.100518
-0.4 -0.843616 -0.843288 -0.0736201 -0.0693418 23.0588 -0.108944
-0.39 -0.843186 -0.842823 0.160087 0.162914 23.3805 -0.117376
-0.38 -0.840405 -0.840021 0.396694 0.398024 23.6292 -0.125792
-0.37 -0.835245 -0.834856 0.635405 0.635248 23.8028 -0.134169
-0.36 -0.827692 -0.827311 0.875408 0.873823 23.8993 -0.142481
-0.35 -0.817736 -0.817377 1.11587 1.11297 23.9167 -0.150707
-0.34 -0.805376 -0.805052 1.35596 1.35189 23.8534 -0.158821
-0.33 -0.790621 -0.790343 1.59482 1.58976 23.7079 -0.1668
-0.32 -0.773486 -0.773263 1.8316 1.82577 23.4791 -0.17462
-0.31 -0.753998 -0.753837 2.06545 2.05906 23.1662 -0.182257
-0.3 -0.73219 -0.732094 2.2955 2.28881 22.7686 -0.189689
-0.29 -0.708104 -0.708075 2.52091 2.51416 22.2864 -0.196892
-0.28 -0.68179 -0.681828 2.74085 2.73426 21.7198 -0.203843
-0.27 -0.653308 -0.65341 2.95448 2.94827 21.0696 -0.210521
-0.26 -0.622724 -0.622886 3.16099 3.15537 20.3369 -0.216904
-0.25 -0.590115 -0.590329 3.3596 3.35474 19.5234 -0.222972
-0.24 -0.555561 -0.55582 3.54954 3.54558 18.6313 -0.228704
-0.23 -0.519155 -0.519448 3.73008 3.72711 17.663 -0.234082
-0.22 -0.480993 -0.481311 3.90049 3.8986 16.6216 -0.239087
-0.21 -0.441181 -0.441512 4.0601 4.05931 15.5107 -0.243703
-0.2 -0.399829 -0.400163 4.20829 4.20859 14.334 -0.247912
-0.19 -0.357056 -0.35738 4.34443 4.34579 13.0958 -0.251701
-0.18 -0.312983 -0.313289 4.46798 4.47032 11.801 -0.255056
-0.17 -0.26774 -0.268018 4.57843 4.58164 10.4543 -0.257963
-0.16 -0.22146 -0.221702 4.6753 4.67925 9.06123 -0.260412
-0.15 -0.17428 -0.17448 4.75818 4.76272 7.6273 -0.262394
-0.14 -0.126344 -0.126496 4.82671 4.83168 6.15832 -0.2639
-0.13 -0.077795 -0.0778961 4.88057 4.88579 4.66029 -0.264922
-0.12 -0.0287821 -0.0288305 4.91951 4.92481 3.13934 -0.265456
-0.11 0.0205447 0.020549 4.94332 4.94852 1.60171 -0.265498
-0.1 0.0700334 0.0700886 4.95186 4.95681 0.0536764 -0.265044
-0.09 0.119531 0.119633 4.94504 4.94958 -1.49845 -0.264096
-0.08 0.168883 0.169029 4.92284 4.92685 -3.04841 -0.262652
-0.07 0.217936 0.218119 4.88528 4.88864 -4.58999 -0.260716
-0.06 0.266538 0.26675 4.83246 4.83509 -6.11707 -0.258291
-0.05 0.314535 0.31477 4.76453 4.76637 -7.62367 -0.255383
-0.04 0.361778 0.362028 4.68169 4.68271 -9.10398 -0.251999
-0.03 0.40812 0.408375 4.5842 4.5844 -10.5524 -0.248146
-0.02 0.453415 0.453668 4.47239 4.47179 -11.9634 -0.243835
-0.01 0.497521 0.497765 4.34663 4.34527 -13.3318 -0.239076
7.5287e-16 0.540302 0.540529 4.20735 4.20531 -14.6526 -0.233884
0.01 0.581625 0.581828 4.05504 4.0524 -15.9211 -0.228271
0.02 0.621361 0.621535 3.89021 3.88708 -17.1329 -0.222252
0.03 0.659389 0.65953 3.71346 3.70994 -18.2836 -0.215846
0.04 0.695593 0.695697 3.5254 3.52162 -19.3694 -0.209068
0.05 0.729862 0.729927 3.3267 3.32278 -20.3865 -0.201938
0.06 0.762094 0.76212 3.11806 3.11413 -21.3316 -0.194476
0.07 0.792193 0.79218 2.90023 2.8964 -22.2015 -0.186703
0.08 0.82007 0.82002 2.67399 2.67036 -22.9933 -0.17864
0.09 0.845647 0.845562 2.44014 2.4368 -23.7045 -0.17031
0.1 0.86885 0.868734 2.19951 2.19655 -24.3327 -0.161737
0.11 0.889617 0.889473 1.95296 1.95043 -24.8759 -0.152944
0.12 0.907893 0.907726 1.70136 1.69932 -25.3325 -0.143955
0.13 0.923631 0.923446 1.44561 1.44408 -25.7009 -0.134797
0.14 0.936794 0.936597 1.18662 1.1856 -25.98 -0.125495
0.15 0.947355 0.94715 0.925291 0.924778 -26.1691 -0.116074
0.16 0.955295 0.955087 0.662545 0.662518 -26.2677 -0.106561
0.17 0.960605 0.960399 0.3993 0.399725 -26.2757 -0.0969812
0.18 0.963283 0.963083 0.136471 0.137305 -26.1933 -0.0873616
0.19 0.963338 0.963149 -0.125033 -0.123841 -26.0211 -0.0777283
0.2 0.960789 0.960613 -0.384316 -0.38282 -25.76 -0.0681073
0.21 0.955662 0.955503 -0.640493 -0.638749 -25.4114 -0.0585246
0.22 0.947993 0.947852 -0.8927 -0.890761 -24.977 -0.0490057
0.23 0.937825 0.937703 -1.14009 -1.13801 -24.4589 -0.0395759
0.24 0.92521 0.92511 -1.38185 -1.37967 -23.8596 -0.0302598
0.25 0.910209 0.910131 -1.61718 -1.61494 -23.182 -0.0210816
0.26 0.89289 0.892835 -1.84532 -1.84306 -22.4292 -0.0120649
0.27 0.873329 0.873296 -2.06555 -2.06329 -21.6047 -0.00323241
0.28 0.851608 0.851598 -2.27717 -2.27493 -20.7126 0.00539383
0.29 0.827816 0.827829 -2.47954 -2.47733 -19.7569 0.0137926
0.3 0.80205 0.802084 -2.67204 -2.66987 -18.742 0.0219438
0.31 0.77441 0.774466 -2.85411 -2.85198 -17.6727 0.0298281
0.32 0.745004 0.745081 -3.02523 -3.02316 -16.5538 0.0374273
0.33 0.713944 0.714041 -3.18492 -3.18291 -15.3903 0.0447242
0.34 0.681346 0.681462 -3.33276 -3.33083 -14.1873 0.0517029
0.35 0.647329 0.647465 -3.46838 -3.46654 -12.9501 0.0583487
0.36 0.61202 0.612173 -3.59145 -3.58974 -11.684 0.0646479
0.37 0.575543 0.575713 -3.7017 -3.70014 -10.3942 0.0705883
0.38 0.538029 0.538214 -3.79891 -3.79756 -9.08593 0.0761587
0.39 0.499609 0.499806 -3.88292 -3.88182 -7.76442 0.0813495
0.4 0.460415 0.460622 -3.9536 -3.95282 -6.43473 0.0861523
0.41 0.420582 0.420794 -4.01091 -4.0105 -5.10187 0.0905598
0.42 0.380242 0.380456 -4.05482 -4.05486 -3.77068 0.0945664
0.43 0.33953 0.339741 -4.08538 -4.08594 -2.44588 0.0981677
0.44 0.298578 0.298781 -4.10269 -4.10382 -1.13206 0.10136
0.45 0.25752 0.257708 -4.10688 -4.10863 0.166373 0.104143
0.46 0.216484 0.216651 -4.09815 -4.10055 1.44513 0.106515
0.47 0.175599 0.175739 -4.07672 -4.07981 2.70006 0.108476
0.48 0.134991 0.135097 -4.04289 -4.04665 3.92718 0.11003
0.49 0.0947814 0.0948467 -3.99697 -4.00137 5.12258 0.11118
0.5 0.0550902 0.0551086 -3.93934 -3.94431 6.2825 0.111929
0.51 0.0160323 0.0159985 -3.87039 -3.87585 7.40327 0.112284
0.52 -0.0222814 -0.0223717 -3.79057 -3.79639 8.48132 0.112251
0.53 -0.0597445 -0.0598941 -3.70035 -3.70638 9.51319 0.111839
0.54 -0.0962555 -0.0964657 -3.60025 -3.60629 10.4955 0.111057
0.55 -0.131718 -0.131988 -3.49078 -3.49664 11.425 0.109914
0.56 -0.166042 -0.166368 -3.37253 -3.37798 12.2985 0.108421
0.57 -0.199141 -0.199519 -3.24606 -3.25087 13.1131 0.10659
0.58 -0.230938 -0.23136 -3.112 -3.11592 13.8659 0.104435
0.59 -0.261358 -0.261814 -2.97096 -2.97377 14.5542 0.101968
0.6 -0.290336 -0.290813 -2.82357 -2.82506 15.1758 0.0992033
0.61 -0.317811 -0.318296 -2.6705 -2.67048 15.7284 0.0961565
0.62 -0.343729 -0.344206 -2.5124 -2.51073 16.2102 0.0928426
0.63 -0.368044 -0.368495 -2.34992 -2.34652 16.62 0.0892778
0.64 -0.390715 -0.391123 -2.18375 -2.17857 16.9567 0.0854783
0.65 -0.411709 -0.412057 -2.01455 -2.00763 17.2197 0.0814609
0.66 -0.430998 -0.431268 -1.84298 -1.83442 17.4091 0.0772429
0.67 -0.448563 -0.44874 -1.6697 -1.65969 17.5254 0.0728414
0.68 -0.464389 -0.46446 -1.49536 -1.48416 17.5696 0.0682739
0.69 -0.478469 -0.478423 -1.32061 -1.30853 17.5433 0.063558
0.7 -0.490802 -0.490632 -1.14608 -1.13352 17.4489 0.0587113
0.71 -0.501393 -0.501097 -0.972363 -0.959774 17.289 0.0537512
0.72 -0.510254 -0.509834 -0.800069 -0.787944 17.0669 0.0486951
0.73 -0.517401 -0.516865 -0.629769 -0.61863 16.7865 0.0435602
0.74 -0.522858 -0.522217 -0.462017 -0.452395 16.4519 0.0383634
0.75 -0.526652 -0.525925 -0.297342 -0.289757 16.0678 0.0331213
0.76 -0.528816 -0.528026 -0.136249 -0.131189 15.639 0.0278503
0.77 -0.52939 -0.528563 0.0207836 0.0228897 15.1705 0.022566
0.78 -0.528416 -0.527584 0.173306 0.172107 14.6677 0.0172841
0.79 -0.52594 -0.525138 0.320898 0.316147 14.1357 0.0120193
0.8 -0.522016 -0.521279 0.463167 0.454741 13.5796 0.00678601
0.81 -0.516696 -0.516063 0.599756 0.587675 13.0044 0.00159819
0.82 -0.51004 -0.509545 0.730335 0.714781 12.4148 -0.00353091
0.83 -0.50211 -0.501787 0.854611 0.835937 11.815 -0.00858858
0.84 -0.49297 -0.492847 0.972319 0.951061 11.2091 -0.0135627
0.85 -0.482687 -0.482786 1.08323 1.06011 10.6003 -0.0184418
0.86 -0.471329 -0.471665 1.18715 1.16307 9.9917 -0.0232149
0.87 -0.458968 -0.459545 1.28391 1.25995 9.38554 -0.0278717
0.88 -0.445675 -0.446486 1.37338 1.35079 8.78361 -0.0324027
0.89 -0.431524 -0.432549 1.45547 1.43564 8.18715 -0.0367985
0.9 -0.41659 -0.417793 1.53011 1.51456 7.59684 -0.0410509
0.91 -0.400947 -0.402277 1.59725 1.5876 7.0129 -0.0451519
0.92 -0.38467 -0.38606 1.6569 1.65483 6.43508 -0.0490941
0.93 -0.367834 -0.3692 1.70909 1.71632 5.86278 -0.0528709
0.94 -0.350513 -0.351753 1.75385 1.77211 5.29509 -0.0564761
0.95 -0.332782 -0.333776 1.79128 1.82223 4.73091 -0.0599042
0.96 -0.314712 -0.315327 1.82148 1.86673 4.16899 -0.0631501
0.97 -0.296376 -0.296461 1.84459 1.90562 3.60807 -0.0662094
0.98 -0.277843 -0.277233 1.86075 1.93889 3.04693 -0.0690781
0.99 -0.259183 -0.257701 1.87015 1.96655 2.48449 -0.071753
