-1 0.353227 0.350129
-0.99 0.354636 0.353339
-0.98 0.354983 0.355009
-0.97 0.354228 0.355161
-0.96 0.352332 0.353819
-0.95 0.34926 0.351008
-0.94 0.34498 0.346756
-0.93 0.339463 0.34109
-0.92 0.332684 0.334037
-0.91 0.324621 0.325621
-0.9 0.315257 0.315866
-0.89 0.30458 0.304793
-0.88 0.292581 0.29242
-0.87 0.279256 0.278765
-0.86 0.264606 0.263845
-0.85 0.248636 0.247673
-0.84 0.231359 0.230266
-0.83 0.21279 0.211639
-0.82 0.192951 0.191809
-0.81 0.171868 0.170796
-0.8 0.149573 0.148623
-0.79 0.126104 0.125317
-0.78 0.101504 0.100908
-0.77 0.0758208 0.0754322
-0.76 0.0491083 0.0489324
-0.75 0.0214251 0.0214564
-0.74 -0.00716481 -0.00694115
-0.73 -0.0365924 -0.0361993
-0.72 -0.0667838 -0.0662503
-0.71 -0.0976604 -0.0970199
-0.7 -0.129139 -0.128427
-0.69 -0.161132 -0.160386
-0.68 -0.193549 -0.192804
-0.67 -0.226294 -0.225583
-0.66 -0.259268 -0.258621
-0.65 -0.292369 -0.291811
-0.64 -0.325492 -0.325043
-0.63 -0.35853 -0.358204
-0.62 -0.391374 -0.391178
-0.61 -0.423912 -0.423848
-0.6 -0.456032 -0.456097
-0.59 -0.487619 -0.487804
-0.58 -0.518561 -0.518853
-0.57 -0.548741 -0.549125
-0.56 -0.578048 -0.578503
-0.55 -0.606368 -0.606872
-0.54 -0.633588 -0.63412
-0.53 -0.659599 -0.660138
-0.52 -0.684293 -0.684817
-0.51 -0.707565 -0.708054
-0.5 -0.729313 -0.72975
-0.49 -0.749438 -0.749809
-0.48 -0.767846 -0.768139
-0.47 -0.784447 -0.784655
-0.46 -0.799156 -0.799274
-0.45 -0.811892 -0.81192
-0.44 -0.822582 -0.822522
-0.43 -0.831158 -0.831016
-0.42 -0.837558 -0.837342
-0.41 -0.841726 -0.841448
-0.4 -0.843616 -0.843288
-0.39 -0.843186 -0.842823
-0.38 -0.840405 -0.840021
-0.37 -0.835245 -0.834856
-0.36 -0.827692 -0.827311
-0.35 -0.817736 -0.817377
-0.34 -0.805376 -0.805052
-0.33 -0.790621 -0.790343
-0.32 -0.773486 -0.773263
-0.31 -0.753998 -0.753837
-0.3 -0.73219 -0.732094
-0.29 -0.708104 -0.708075
-0.28 -0.68179 -0.681828
-0.27 -0.653308 -0.65341
-0.26 -0.622724 -0.622886
-0.25 -0.590115 -0.590329
-0.24 -0.555561 -0.55582
-0.23 -0.519155 -0.519448
-0.22 -0.480993 -0.481311
-0.21 -0.441181 -0.441512
-0.2 -0.399829 -0.400163
-0.19 -0.357056 -0.35738
-0.18 -0.312983 -0.313289
-0.17 -0.26774 -0.268018
-0.16 -0.22146 -0.221702
-0.15 -0.17428 -0.17448
-0.14 -0.126344 -0.126496
-0.13 -0.077795 -0.0778961
-0.12 -0.0287821 -0.0288305
-0.11 0.0205447 0.020549
-0.1 0.0700334 0.0700886
-0.09 0.119531 0.119633
-0.08 0.168883 0.169029
-0.07 0.217936 0.218119
-0.06 0.266538 0.26675
-0.05 0.314535 0.31477
-0.04 0.361778 0.362028
-0.03 0.40812 0.408375
-0.02 0.453415 0.453668
-0.01 0.497521 0.497765
7.5287e-16 0.540302 0.540529
0.01 0.581625 0.581828
0.02 0.621361 0.621535
0.03 0.659389 0.65953
0.04 0.695593 0.695697
0.05 0.729862 0.729927
0.06 0.762094 0.76212
0.07 0.792193 0.79218
0.08 0.82007 0.82002
0.09 0.845647 0.845562
0.1 0.86885 0.868734
0.11 0.889617 0.889473
0.12 0.907893 0.907726
0.13 0.923631 0.923446
0.14 0.936794 0.936597
0.15 0.947355 0.94715
0.16 0.955295 0.955087
0.17 0.960605 0.960399
0.18 0.963283 0.963083
0.19 0.963338 0.963149
0.2 0.960789 0.960613
0.21 0.955662 0.955503
0.22 0.947993 0.947852
0.23 0.937825 0.937703
0.24 0.92521 0.92511
0.25 0.910209 0.910131
0.26 0.89289 0.892835
0.27 0.873329 0.873296
0.28 0.851608 0.851598
0.29 0.827816 0.827829
0.3 0.80205 0.802084
0.31 0.77441 0.774466
0.32 0.745004 0.745081
0.33 0.713944 0.714041
0.34 0.681346 0.681462
0.35 0.647329 0.647465
0.36 0.61202 0.612173
0.37 0.575543 0.575713
0.38 0.538029 0.538214
0.39 0.499609 0.499806
0.4 0.460415 0.460622
0.41 0.420582 0.420794
0.42 0.380242 0.380456
0.43 0.33953 0.339741
0.44 0.298578 0.298781
0.45 0.25752 0.257708
0.46 0.216484 0.216651
0.47 0.175599 0.175739
0.48 0.134991 0.135097
0.49 0.0947814 0.0948467
0.5 0.0550902 0.0551086
0.51 0.0160323 0.0159985
0.52 -0.0222814 -0.0223717
0.53 -0.0597445 -0.0598941
0.54 -0.0962555 -0.0964657
0.55 -0.131718 -0.131988
0.56 -0.166042 -0.166368
0.57 -0.199141 -0.199519
0.58 -0.230938 -0.23136
0.59 -0.261358 -0.261814
0.6 -0.290336 -0.290813
0.61 -0.317811 -0.318296
0.62 -0.343729 -0.344206
0.63 -0.368044 -0.368495
0.64 -0.390715 -0.391123
0.65 -0.411709 -0.412057
0.66 -0.430998 -0.431268
0.67 -0.448563 -0.44874
0.68 -0.464389 -0.46446
0.69 -0.478469 -0.478423
0.7 -0.490802 -0.490632
0.71 -0.501393 -0.501097
0.72 -0.510254 -0.509834
0.73 -0.517401 -0.516865
0.74 -0.522858 -0.522217
0.75 -0.526652 -0.525925
0.76 -0.528816 -0.528026
0.77 -0.52939 -0.528563
0.78 -0.528416 -0.527584
0.79 -0.52594 -0.525138
0.8 -0.522016 -0.521279
0.81 -0.516696 -0.516063
0.82 -0.51004 -0.509545
0.83 -0.50211 -0.501787
0.84 -0.49297 -0.492847
0.85 -0.482687 -0.482786
0.86 -0.471329 -0.471665
0.87 -0.458968 -0.459545
0.88 -0.445675 -0.446486
0.89 -0.431524 -0.432549
0.9 -0.41659 -0.417793
0.91 -0.400947 -0.402277
0.92 -0.38467 -0.38606
0.93 -0.367834 -0.3692
0.94 -0.350513 -0.351753
0.95 -0.332782 -0.333776
0.96 -0.314712 -0.315327
0.97 -0.296376 -0.296461
0.98 -0.277843 -0.277233
0.99 -0.259183 -0.257701
